0.019715,0.022999,0.032132,0.061281,0.14764,0.71623
0.010416,0.045205,0.057197,0.11668,0.20825,0.56226
0.030349,0.10018,0.1063,0.15315,0.19747,0.41255
0.0021867,0.016915,0.040635,0.10273,0.18413,0.6534
0.28175,0.0066756,0.021701,0.057751,0.14089,0.49123
0.12375,0.015644,0.022566,0.047052,0.10863,0.68235
0.07633,0.045205,0.028611,0.050938,0.10484,0.69407
0.011148,0.044056,0.057767,0.11563,0.2289,0.5425
0.024786,0.033127,0.040074,0.088161,0.1921,0.62175
0.016509,0.046361,0.093207,0.1564,0.16945,0.51807
0.00050137,0.011285,0.035468,0.093244,0.19808,0.66142
0.0013505,0.028639,0.041731,0.071005,0.12509,0.73219
0.024786,0.033127,0.040074,0.088161,0.1921,0.62175
0.16569,0.014572,0.024968,0.067099,0.14626,0.58141
0.00066311,0.0091703,0.029634,0.094267,0.23025,0.63601
0.29152,0.036469,0.045045,0.060047,0.12796,0.43896
0.0046296,0.024345,0.032375,0.083155,0.20276,0.65273
0.00035177,0.020581,0.034801,0.085169,0.19,0.6691
0.034154,0.11394,0.11945,0.14813,0.14725,0.43707
0.020504,0.073702,0.10685,0.15857,0.20152,0.43886
0.010703,0.026031,0.040357,0.085476,0.2007,0.63674
0.00026643,0.015434,0.044504,0.092048,0.16768,0.68006
0.33398,0.0089115,0.015721,0.038974,0.066925,0.53549
0.0013626,0.022865,0.068114,0.12454,0.20725,0.57586
0.001124,0.0085355,0.033297,0.10731,0.25451,0.59523
0.0081756,0.01234,0.02164,0.044517,0.17716,0.73616
0.0035945,0.022764,0.044934,0.082128,0.15612,0.69046
0.003914,0.033758,0.065615,0.15211,0.26377,0.48084
0.0013626,0.022865,0.068114,0.12454,0.20725,0.57586
0.022158,0.076023,0.097517,0.15258,0.2033,0.44843
0.078874,0.048443,0.041598,0.074761,0.14536,0.61096
0.0032953,0.044469,0.069546,0.11856,0.24106,0.52306
0.0083414,0.034045,0.03918,0.063068,0.15022,0.70514
0.020811,0.041869,0.044752,0.064734,0.088889,0.73895
0.0012534,0.020225,0.05837,0.11355,0.19512,0.61148
0.0050542,0.041149,0.064168,0.12895,0.26976,0.49091
0.027054,0.061156,0.062862,0.08791,0.15595,0.60507
0.00015365,0.0096312,0.052669,0.093567,0.19206,0.65192
0.22485,0.0078464,0.024163,0.056955,0.14473,0.54146
0.0006712,0.008022,0.026969,0.062805,0.19218,0.70936
0.0038331,0.007836,0.014985,0.053372,0.19763,0.72235
0.020811,0.041869,0.044752,0.064734,0.088889,0.73895
0.010088,0.036362,0.054379,0.13119,0.2355,0.53248
0.00076015,0.099984,0.08544,0.10968,0.18058,0.52356
0.00040433,0.01828,0.037672,0.085561,0.1892,0.66888
0.0081837,0.025752,0.064787,0.098601,0.21355,0.58913
0.060125,0.08546,0.071555,0.083976,0.17718,0.5217
0.03373,0.042318,0.052883,0.11072,0.21082,0.54953
0.016274,0.062571,0.07204,0.12691,0.23039,0.49182
0.0061782,0.016715,0.034041,0.14668,0.2901,0.50629
0.013331,0.011192,0.026642,0.076067,0.16065,0.71212
0.0069909,0.022174,0.051706,0.12063,0.24505,0.55345
0.001585,0.014596,0.027143,0.060525,0.14702,0.74913
0.052074,0.048168,0.055414,0.11308,0.20996,0.5213
0.063416,0.086063,0.091068,0.13867,0.19584,0.42494
0.00075832,0.022373,0.043355,0.13622,0.24868,0.54862
0.011932,0.049818,0.083176,0.11463,0.18044,0.56
0.035569,0.031574,0.046786,0.1058,0.2085,0.57177
0.00025473,0.010711,0.028724,0.076848,0.2217,0.66176
0.0036875,0.03037,0.064964,0.17367,0.25245,0.47485
0.00025069,0.0036107,0.024858,0.075898,0.20259,0.69279
0.010088,0.036362,0.054379,0.13119,0.2355,0.53248
0.035181,0.12411,0.098916,0.10421,0.10508,0.5325
0.0016534,0.079735,0.076389,0.10316,0.15917,0.57989
0.011042,0.035036,0.049943,0.10003,0.19157,0.61237
0.004941,0.010561,0.026213,0.098763,0.28473,0.57479
0.0049774,0.025433,0.049891,0.086839,0.19953,0.63333
0.35022,0.0061499,0.013667,0.034316,0.17472,0.42093
0.0061257,0.043599,0.04478,0.083034,0.14672,0.67574
0.038852,0.060197,0.045362,0.062449,0.11326,0.67988
0.18351,0.073682,0.075105,0.12784,0.17963,0.36023
0.049567,0.047404,0.049292,0.087656,0.17587,0.59021
0.0021453,0.039098,0.084473,0.13192,0.22136,0.52101
0.32197,0.020924,0.034356,0.051654,0.098112,0.47298
0.0029072,0.038367,0.048961,0.07386,0.17522,0.66069
0.007464,0.028477,0.037154,0.067884,0.14338,0.71564
0.34856,0.0096555,0.018979,0.031975,0.084134,0.5067
0.0024462,0.027766,0.04216,0.076852,0.16743,0.68335
0.0023451,0.033168,0.039973,0.062005,0.12585,0.73666
0.28552,0.013832,0.022728,0.039556,0.092306,0.54606
0.001585,0.035339,0.089884,0.15652,0.23208,0.48459
0.011701,0.015126,0.032897,0.11226,0.19722,0.6308
0.0054626,0.016545,0.030923,0.061228,0.16212,0.72372
0.045011,0.066707,0.063222,0.097505,0.15266,0.57489
0.035266,0.078081,0.10315,0.13242,0.18846,0.46262
0.012902,0.038363,0.045601,0.09474,0.17906,0.62934
0.018381,0.058467,0.072667,0.11437,0.19061,0.54551
0.045467,0.089649,0.10077,0.13324,0.19867,0.4322
0.018971,0.067872,0.080681,0.12529,0.21894,0.48824
0.0027576,0.016125,0.021543,0.048035,0.1735,0.73804
0.00032287,0.015608,0.06141,0.12058,0.18725,0.61483
0.28558,0.013024,0.019489,0.042217,0.10948,0.53021
0.027818,0.052612,0.061467,0.11761,0.2182,0.52229
0.0478,0.092306,0.10643,0.12701,0.16826,0.4582
0.0015971,0.03618,0.081069,0.14144,0.2353,0.50442
0.32558,0.010751,0.020318,0.040175,0.092063,0.51112
0.042532,0.059013,0.05376,0.097837,0.21374,0.53311
0.029407,0.14763,0.14753,0.1902,0.24683,0.2384
0.060424,0.089229,0.089831,0.11201,0.1645,0.484
0.28306,0.010929,0.020767,0.053643,0.14431,0.48729
0.25513,0.0048144,0.012669,0.032614,0.093577,0.6012
0.2273,0.0088388,0.01885,0.043882,0.11316,0.58797
0.035792,0.032751,0.031716,0.079852,0.1415,0.67838
0.0018033,0.023508,0.0537,0.066032,0.13587,0.71909
0.0060003,0.024175,0.033976,0.06568,0.15024,0.71993
0.26224,0.0081528,0.013072,0.031921,0.079493,0.60512
0.0027576,0.016125,0.021543,0.048035,0.1735,0.73804
0.0015971,0.03618,0.081069,0.14144,0.2353,0.50442
0.030661,0.042783,0.046511,0.075489,0.18347,0.62109
0.0093401,0.017354,0.030653,0.10934,0.27274,0.56057
0.067326,0.024976,0.023342,0.054423,0.12122,0.70871
0.091165,0.056627,0.066408,0.076528,0.16582,0.54345
0.038917,0.070484,0.07705,0.13322,0.19315,0.48719
0.028445,0.099438,0.1116,0.16724,0.21621,0.37706
0.020205,0.059619,0.075332,0.14744,0.23358,0.46382
0.011443,0.011944,0.017107,0.0429,0.10297,0.81364
0.035881,0.038096,0.055095,0.092492,0.15543,0.623
0.014034,0.048358,0.069404,0.11395,0.24081,0.51344
0.030418,0.044881,0.062021,0.12576,0.22257,0.51435
0.046442,0.092471,0.10961,0.14911,0.21715,0.38522
0.080317,0.06775,0.057792,0.096312,0.16373,0.5341
0.073391,0.093866,0.099135,0.13361,0.22405,0.37595
0.021939,0.043927,0.063553,0.1142,0.21199,0.54439
0.0049935,0.018458,0.036127,0.082743,0.17981,0.67787
0.004759,0.013683,0.03952,0.090975,0.19689,0.65417
0.10057,0.060864,0.050089,0.062741,0.13796,0.58778
0.0068494,0.02745,0.047428,0.097327,0.24154,0.57941
0.01602,0.087409,0.11112,0.16218,0.2419,0.38138
0.0059235,0.018696,0.047618,0.096381,0.18941,0.64197
0.079852,0.075623,0.070803,0.087166,0.11676,0.5698
0.36751,0.018235,0.01923,0.033244,0.081946,0.47983
0.020031,0.10874,0.10986,0.14709,0.2218,0.39248
0.0001496,0.0036431,0.02187,0.07969,0.23417,0.66048
0.00090167,0.018644,0.043709,0.094283,0.2077,0.63476
0.0059235,0.018696,0.047618,0.096381,0.18941,0.64197
0.021369,0.052159,0.067006,0.11675,0.16203,0.58068
0.048775,0.074017,0.083956,0.12342,0.21805,0.45179
0.0079128,0.024264,0.040854,0.096143,0.20286,0.62797
0.024159,0.017241,0.018951,0.048488,0.15286,0.7383
0.018939,0.028946,0.036325,0.067851,0.20353,0.64441
0.015882,0.038392,0.044982,0.10401,0.19364,0.6031
0.0059235,0.018696,0.047618,0.096381,0.18941,0.64197
0.00040433,0.01828,0.037672,0.085561,0.1892,0.66888
0.019238,0.05332,0.083839,0.14504,0.23493,0.46363
0.0069505,0.014281,0.030592,0.057844,0.13618,0.75415
0.21734,0.035352,0.037243,0.045891,0.071869,0.59231
0.00016982,0.026678,0.070241,0.11237,0.22615,0.56439
0.013703,0.056902,0.070168,0.073791,0.080002,0.70543
0.0089964,0.031453,0.041109,0.079197,0.1743,0.66494
0.0029839,0.025405,0.056874,0.089799,0.18805,0.63689
0.032379,0.079492,0.09668,0.11064,0.11952,0.56128
0.29381,0.024716,0.034054,0.051387,0.098971,0.49706
0.012902,0.038363,0.045601,0.09474,0.17906,0.62934
0.01937,0.12505,0.073236,0.067002,0.10553,0.60981
0.00016982,0.026678,0.070241,0.11237,0.22615,0.56439
0.0006995,0.0056445,0.034643,0.10084,0.2629,0.59528
0.0018519,0.015514,0.041165,0.11055,0.22711,0.60381
0.00018195,0.0072093,0.031538,0.078813,0.16453,0.71773
0.0029072,0.038367,0.048961,0.07386,0.17522,0.66069
0.036904,0.040862,0.06564,0.12136,0.28053,0.45471
0.0018033,0.011325,0.03039,0.10645,0.19559,0.65444
0.27762,0.015203,0.017726,0.03804,0.085019,0.5664
0.025554,0.025534,0.024854,0.027802,0.049664,0.84659
0.019974,0.041836,0.067257,0.094541,0.17129,0.6051
0.0119,0.043866,0.059247,0.099389,0.20017,0.58542
0.0063949,0.087021,0.088633,0.13028,0.22367,0.464
0.021551,0.055337,0.078869,0.12036,0.16056,0.56333
0.0017669,0.010343,0.032201,0.082189,0.21545,0.65805
0.1572,0.023621,0.043244,0.10109,0.17845,0.4964
0.0045604,0.041142,0.045299,0.082295,0.16046,0.66625
0.19443,0.0033226,0.0088503,0.023059,0.084843,0.68549
0.0018519,0.036362,0.063776,0.11249,0.18779,0.59773
0.11977,0.096967,0.072348,0.084138,0.18203,0.44474
0.30695,0.12406,0.082941,0.10204,0.13065,0.25335
0.026383,0.017487,0.026262,0.073726,0.15386,0.70228
0.0003356,0.01215,0.061762,0.12002,0.26426,0.54147
0.028247,0.038986,0.057682,0.12541,0.21279,0.53689
0.014657,0.063501,0.089148,0.12734,0.23815,0.46721
0.28652,0.14587,0.086875,0.098751,0.12225,0.25973
0.24468,0.1367,0.072295,0.065874,0.10191,0.37854
0.0019812,0.018725,0.03821,0.078882,0.17979,0.68242
0.035792,0.032751,0.031716,0.079852,0.1415,0.67838
0.0061014,0.016642,0.024252,0.054678,0.12718,0.77115
0.058968,0.019246,0.020362,0.093984,0.22083,0.58661
0.0093078,0.031433,0.041153,0.085917,0.14998,0.68221
0.0057052,0.023888,0.051864,0.098144,0.18199,0.63841
0.23308,0.0076541,0.015741,0.037866,0.096248,0.60941
0.0049935,0.018458,0.036127,0.082743,0.17981,0.67787
0.069493,0.057646,0.054072,0.10459,0.18172,0.53248
0.51441,0.13493,0.044145,0.046033,0.080499,0.17997
0.011188,0.05537,0.080281,0.14297,0.24749,0.4627
0.075514,0.065332,0.087158,0.14205,0.19406,0.43588
0.0085112,0.027127,0.063747,0.18821,0.30544,0.40696
0.0041121,0.0057739,0.02555,0.10161,0.18956,0.67339
0.012187,0.027758,0.048581,0.073929,0.10843,0.72911
0.0048116,0.025849,0.091804,0.1676,0.19759,0.51235
0.002891,0.011576,0.036091,0.074228,0.19593,0.67929
0.006061,0.029472,0.056291,0.09182,0.16075,0.6556
0.011552,0.06302,0.072477,0.11623,0.18861,0.54811
0.14806,0.015219,0.022821,0.054727,0.10146,0.65772
0.0020015,0.03318,0.065502,0.10831,0.20317,0.58784
0.011042,0.022938,0.034041,0.077515,0.15014,0.70433
0.004387,0.014633,0.058208,0.14255,0.21148,0.56874
0.0094695,0.033232,0.053983,0.095686,0.17468,0.63295
0.00024664,0.0074357,0.042851,0.10828,0.20655,0.63463
0.030422,0.03935,0.050962,0.099972,0.17236,0.60693
0.00018855,0.0037804,0.021446,0.084546,0.32523,0.56481
0.0093078,0.031433,0.041153,0.085917,0.14998,0.68221
0.010011,0.023278,0.038282,0.085577,0.18181,0.66104
0.038036,0.049466,0.030547,0.092164,0.28778,0.50201
0.013945,0.019141,0.027559,0.07411,0.18271,0.68253
0.020047,0.10234,0.078816,0.095052,0.16978,0.53396
0.0094695,0.033232,0.053983,0.095686,0.17468,0.63295
0.001302,0.021248,0.048872,0.093155,0.15251,0.68291
0.039156,0.054427,0.072153,0.11475,0.17473,0.54478
0.0086851,0.025044,0.046078,0.10544,0.21654,0.59821
0.044469,0.063149,0.076177,0.087126,0.19761,0.53147
0.040336,0.073945,0.04983,0.070912,0.16975,0.59522
0.023399,0.14442,0.090818,0.088679,0.14643,0.50625
0.0025433,0.024486,0.048949,0.135,0.23264,0.55638
0.35427,0.030875,0.032019,0.056526,0.10585,0.42046
0.24753,0.069768,0.064006,0.10585,0.1444,0.36845
0.018761,0.035909,0.03176,0.052802,0.10652,0.75425
0.00092188,0.0069788,0.022424,0.073298,0.16726,0.72912
0.1901,0.077952,0.053376,0.08373,0.1688,0.42604
0.0023977,0.015765,0.04233,0.09138,0.18681,0.66132
0.054423,0.066816,0.063578,0.12006,0.20687,0.48825
0.044392,0.11139,0.10461,0.10068,0.17172,0.4672
0.00090975,0.010889,0.0463,0.11359,0.25081,0.5775
0.14534,0.12916,0.10018,0.09328,0.095613,0.43642
0.073427,0.05801,0.037118,0.062559,0.17411,0.59478
0.0068979,0.045754,0.073997,0.13334,0.18834,0.55167
0.0061055,0.02295,0.039706,0.10399,0.2188,0.60845
0.011819,0.023516,0.03024,0.083018,0.1601,0.69131
0.004941,0.010561,0.026213,0.098763,0.28473,0.57479
0.055422,0.059898,0.046224,0.098245,0.22489,0.51532
0.015021,0.028627,0.044218,0.082242,0.18073,0.64916
0.019529,0.079905,0.072497,0.10888,0.17804,0.54116
0.028914,0.076294,0.081077,0.11637,0.17357,0.52377
0.00046498,0.018705,0.057415,0.10244,0.1223,0.69867
0.00033155,0.023051,0.052555,0.1156,0.20957,0.59889
0.0023977,0.015765,0.04233,0.09138,0.18681,0.66132
0.00045593,0.0076206,0.02803,0.08621,0.30525,0.57243
0.06361,0.044885,0.048617,0.11191,0.19181,0.53916
0.027054,0.061156,0.062862,0.08791,0.15595,0.60507
0.0025433,0.024486,0.048949,0.135,0.23264,0.55638
0.02633,0.061887,0.070099,0.098439,0.14807,0.59518
0.0061014,0.016642,0.024252,0.054678,0.12718,0.77115
0.35529,0.011398,0.015466,0.038978,0.084275,0.49459
0.05444,0.066202,0.073399,0.12297,0.20221,0.48078
0.011754,0.023096,0.031372,0.080446,0.13309,0.72025
0.030014,0.057973,0.068058,0.095209,0.14903,0.59972
0.0052685,0.026553,0.040907,0.096325,0.20332,0.62763
0.061143,0.1662,0.13719,0.18172,0.1851,0.26864
0.014483,0.039677,0.060864,0.15432,0.18421,0.54644
0.00050137,0.01458,0.032484,0.0716,0.17275,0.70809
0.38348,0.023629,0.028603,0.041347,0.088351,0.43459
0.043943,0.090397,0.057885,0.080163,0.11697,0.61064
0.016784,0.066424,0.082399,0.13471,0.1783,0.52139
0.0064774,0.035161,0.055883,0.11398,0.17557,0.61293
0.016004,0.041469,0.055188,0.10597,0.2003,0.58107
0.001868,0.0071082,0.019392,0.058265,0.15315,0.76021
0.002523,0.027822,0.045552,0.088206,0.16538,0.67051
0.016784,0.066424,0.082399,0.13471,0.1783,0.52139
0.067314,0.088323,0.088557,0.13387,0.19825,0.42369
0.046098,0.078768,0.073977,0.10633,0.18632,0.50851
0.044489,0.041776,0.05332,0.11391,0.21281,0.5337
0.017204,0.05873,0.1007,0.13783,0.22756,0.45798
0.22192,0.011856,0.015618,0.04201,0.13329,0.57531
0.014912,0.056105,0.082395,0.14332,0.21279,0.49047
0.010784,0.024535,0.039548,0.093919,0.30363,0.52759
0.40463,0.0075206,0.022158,0.058552,0.14401,0.36313
0.016169,0.016376,0.02371,0.067022,0.1986,0.67813
0.028455,0.042212,0.047742,0.076577,0.15604,0.64897
0.002608,0.015134,0.041117,0.095083,0.24045,0.60561
0.0014556,0.015385,0.036625,0.06553,0.15085,0.73016
0.030608,0.057488,0.068138,0.15192,0.19395,0.4979
0.004852,0.038371,0.049195,0.092306,0.15342,0.66186
0.048063,0.088978,0.080649,0.12451,0.17454,0.48326
0.016836,0.095686,0.094396,0.10727,0.16534,0.52047
0.016784,0.066424,0.082399,0.13471,0.1783,0.52139
0.003263,0.0097809,0.02739,0.12288,0.24301,0.59368
0.0082646,0.061277,0.09761,0.17441,0.23702,0.42141
0.0035056,0.015211,0.025218,0.054229,0.1503,0.75154
0.15549,0.13085,0.10622,0.099721,0.15358,0.35413
0.0025433,0.024486,0.048949,0.135,0.23264,0.55638
0.010363,0.051415,0.092257,0.14309,0.22322,0.47965
0.024956,0.046163,0.042993,0.060986,0.13234,0.69256
0.0347,0.094477,0.11281,0.168,0.22355,0.36646
0.037817,0.048144,0.054209,0.09662,0.19277,0.57044
0.0041363,0.010197,0.017475,0.054945,0.19374,0.7195
0.0025433,0.024486,0.048949,0.135,0.23264,0.55638
0.0012494,0.015773,0.029516,0.067722,0.15234,0.7334
0.019287,0.046046,0.066857,0.1273,0.20959,0.53093
0.0011645,0.012393,0.06251,0.084542,0.10556,0.73383
0.020779,0.071753,0.059005,0.089689,0.15931,0.59947
0.015219,0.03176,0.038149,0.06847,0.16058,0.68582
0.034522,0.032278,0.035084,0.092132,0.23756,0.56843
0.33814,0.010428,0.017459,0.038913,0.084595,0.51047
0.0071001,0.047566,0.086362,0.15131,0.22399,0.48367
0.077818,0.050085,0.050376,0.083297,0.14683,0.59159
0.00018855,0.0037804,0.021446,0.084546,0.32523,0.56481
0.018308,0.024102,0.030705,0.051035,0.12383,0.75202
0.0070395,0.031829,0.051298,0.064516,0.071616,0.7737
0.0070759,0.016335,0.03698,0.098504,0.19634,0.64476
0.1247,0.091521,0.083058,0.099527,0.1168,0.48439
0.013185,0.032654,0.042916,0.092431,0.23289,0.58593
0.00023856,0.025505,0.064188,0.13102,0.19912,0.57992
0.0053008,0.027786,0.062635,0.10495,0.18324,0.61609
0.0070395,0.031829,0.051298,0.064516,0.071616,0.7737
0.010707,0.045439,0.062073,0.10399,0.19656,0.58123
0.001585,0.036705,0.056287,0.09165,0.16679,0.64698
0.015191,0.037542,0.057852,0.10269,0.20946,0.57726
0.053186,0.096992,0.095589,0.11479,0.14579,0.49365
0.0023775,0.0099022,0.01999,0.095427,0.25013,0.62217
0.023609,0.064989,0.094897,0.17124,0.20385,0.44142
0.18131,0.017168,0.028603,0.067419,0.12834,0.57716
0.33196,0.0089398,0.016242,0.046543,0.1321,0.46422
0.027538,0.12996,0.10902,0.12805,0.16793,0.43751
0.014261,0.015195,0.023411,0.066756,0.14112,0.73926
0.15798,0.13958,0.096943,0.08933,0.10454,0.41163
0.004007,0.011382,0.028077,0.078878,0.18641,0.69124
0.0011938,0.018644,0.03486,0.07511,0.15961,0.71059
0.0071163,0.024709,0.043696,0.083669,0.15435,0.68646
0.079573,0.075198,0.065539,0.081126,0.15788,0.54069
0.003263,0.0097809,0.02739,0.12288,0.24301,0.59368
0.33196,0.0089398,0.016242,0.046543,0.1321,0.46422
0.31478,0.088157,0.093963,0.09778,0.088634,0.31669
0.0020621,0.017188,0.019962,0.042148,0.10461,0.81403
0.014867,0.033362,0.046264,0.087878,0.17437,0.64326
0.03318,0.047748,0.071745,0.20657,0.16999,0.47076
0.087082,0.046163,0.057286,0.079051,0.13606,0.59436
0.0012825,0.022204,0.047899,0.11288,0.22683,0.5889
0.35332,0.0035258,0.010383,0.031457,0.079597,0.52172
0.00028708,0.017973,0.041578,0.11796,0.25651,0.56569
0.0094695,0.033232,0.053983,0.095686,0.17468,0.63295
0.33196,0.0089398,0.016242,0.046543,0.1321,0.46422
0.051767,0.053469,0.063319,0.11769,0.21654,0.49722
0.0422,0.044339,0.031853,0.064297,0.14771,0.6696
0.00020045,0.0067617,0.032634,0.10617,0.22195,0.63228
0.30473,0.013897,0.023358,0.046887,0.11097,0.50015
0.039229,0.054824,0.080232,0.17059,0.25764,0.39749
0.0017831,0.02724,0.038206,0.07876,0.1731,0.68091
0.025978,0.10267,0.10054,0.12198,0.19131,0.45752
0.01198,0.099895,0.1295,0.1535,0.21155,0.39358
0.29734,0.014334,0.02671,0.064338,0.14948,0.4478
0.029399,0.025784,0.0228,0.06642,0.2259,0.6297
0.00015684,0.0078401,0.062154,0.14307,0.19138,0.5954
0.0072821,0.011394,0.021393,0.061596,0.15703,0.74131
0.096443,0.025696,0.056028,0.12171,0.21435,0.48577
0.010492,0.063121,0.096244,0.1495,0.25147,0.42917
0.051456,0.088755,0.10169,0.13369,0.18002,0.44438
0.032335,0.083742,0.11623,0.15355,0.22775,0.38639
0.031983,0.03882,0.046159,0.10908,0.2352,0.53876
0.023366,0.049353,0.074305,0.12941,0.18956,0.534
0.28175,0.0066756,0.021701,0.057751,0.14089,0.49123
0.029379,0.077434,0.06458,0.090304,0.17095,0.56735
0.011083,0.029452,0.037595,0.097145,0.17471,0.65001
0.010068,0.06638,0.11631,0.19911,0.28717,0.32096
0.18548,0.0083495,0.014564,0.024927,0.055353,0.71133
0.043866,0.026888,0.036362,0.069529,0.13578,0.68758
0.41536,0.032403,0.03037,0.036131,0.067168,0.41857
0.0025635,0.0091582,0.020621,0.058564,0.16349,0.7456
0.01496,0.066363,0.08876,0.16714,0.22662,0.43616
0.0024098,0.0080463,0.018401,0.065373,0.43261,0.47316
0.026278,0.076852,0.08434,0.13589,0.21414,0.4625
0.40008,0.0092714,0.01642,0.041954,0.10118,0.43109
0.026536,0.046567,0.068045,0.11772,0.22683,0.51431
0.05336,0.07553,0.075505,0.10348,0.15781,0.53431
0.34446,0.038331,0.039091,0.04421,0.062781,0.47113
0.016986,0.076577,0.12875,0.20725,0.26035,0.31009
0.0011726,0.0089358,0.031659,0.12331,0.25211,0.58281
0.026278,0.076852,0.08434,0.13589,0.21414,0.4625
0.010262,0.056963,0.096244,0.18284,0.24929,0.4044
0.087603,0.12077,0.099341,0.12128,0.15621,0.41479
0.0080018,0.027183,0.038925,0.086989,0.18525,0.65366
0.014313,0.015163,0.02479,0.060881,0.17919,0.70566
0.00025069,0.0065502,0.023148,0.088549,0.26103,0.62047
0.0046701,0.0067039,0.016464,0.059635,0.1389,0.77363
0.0059033,0.019008,0.030006,0.066315,0.13561,0.74316
0.018838,0.07517,0.088929,0.13064,0.22835,0.45807
0.011976,0.099854,0.12949,0.15353,0.21137,0.39379
0.010189,0.024858,0.037971,0.082145,0.17583,0.669
0.030212,0.053841,0.067872,0.14136,0.23988,0.46684
0.014661,0.050449,0.075275,0.13734,0.24405,0.47823
0.0043951,0.017593,0.12598,0.17741,0.32625,0.34837
0.012474,0.028578,0.042079,0.084753,0.16775,0.66437
0.043527,0.063214,0.081599,0.14009,0.15278,0.51879
0.022158,0.076023,0.097517,0.15258,0.2033,0.44843
0.0039908,0.015199,0.028607,0.076767,0.23586,0.63957
0.040114,0.11824,0.11404,0.12876,0.17831,0.42052
0.0090369,0.03375,0.078708,0.14209,0.19064,0.54578
0.017382,0.054775,0.084061,0.15062,0.21407,0.47909
0.0073063,0.025906,0.059219,0.11293,0.18902,0.60562
0.030454,0.075894,0.091424,0.14705,0.21845,0.43673
0.0025635,0.0091582,0.020621,0.058564,0.16349,0.7456
0.0093765,0.011701,0.019784,0.060149,0.13138,0.76761
0.013338,0.030255,0.035699,0.07954,0.15898,0.68218
0.013338,0.030255,0.035699,0.07954,0.15898,0.68218
0.049422,0.087474,0.081785,0.10361,0.18516,0.49255
0.0059639,0.030556,0.055592,0.12153,0.26616,0.5202
0.038715,0.048698,0.049774,0.088088,0.20874,0.56598
0.42644,0.039208,0.033673,0.044222,0.083839,0.37262
0.022825,0.066432,0.078635,0.11414,0.21213,0.50583
0.032124,0.05055,0.057108,0.088412,0.1621,0.6097
0.010088,0.036362,0.054379,0.13119,0.2355,0.53248
0.022825,0.066432,0.078635,0.11414,0.21213,0.50583
0.0061095,0.015146,0.02477,0.054246,0.11435,0.78538
0.010703,0.020079,0.035836,0.074968,0.16484,0.69358
0.012474,0.028578,0.042079,0.084753,0.16775,0.66437
0.008859,0.016012,0.028417,0.081849,0.17924,0.68563
0.041056,0.067435,0.067961,0.11205,0.16935,0.54215
0.071721,0.073747,0.073383,0.11629,0.183,0.48186
0.013084,0.028437,0.039297,0.078781,0.17982,0.66059
0.030685,0.03677,0.047521,0.077272,0.16542,0.64233
0.030333,0.027094,0.05279,0.12337,0.20262,0.56379
0.00653,0.031211,0.074175,0.14582,0.26736,0.47491
0.4523,0.028069,0.036928,0.065543,0.12015,0.29701
0.40281,0.01549,0.016153,0.036277,0.06477,0.4645
0.083151,0.076257,0.053138,0.074191,0.12391,0.58935
0.31423,0.012381,0.017386,0.041602,0.10051,0.51389
0.025065,0.030948,0.04645,0.1069,0.17742,0.61322
0.017103,0.036657,0.059696,0.11909,0.19525,0.57221
0.012215,0.051949,0.097671,0.17813,0.22885,0.43119
0.01976,0.033139,0.039196,0.090179,0.22376,0.59396
0.0072578,0.031975,0.049782,0.096498,0.21672,0.59776
0.0046013,0.032577,0.062947,0.11945,0.2033,0.57713
0.0072578,0.031975,0.049782,0.096498,0.21672,0.59776
0.26906,0.058333,0.056506,0.077895,0.1309,0.4073
0.011321,0.019849,0.028776,0.09159,0.2676,0.58087
0.0072578,0.031975,0.049782,0.096498,0.21672,0.59776
0.34061,0.024741,0.039657,0.078497,0.13156,0.38494
0.016355,0.050902,0.069521,0.10941,0.21651,0.5373
0.051213,0.047554,0.047077,0.078991,0.1659,0.60927
0.26932,0.079003,0.026375,0.025214,0.058657,0.54144
0.025077,0.050748,0.06118,0.10693,0.20302,0.55304
0.0094169,0.060153,0.091291,0.14155,0.21869,0.4789
0.12086,0.031405,0.046967,0.095682,0.15993,0.54516
0.024026,0.074418,0.098662,0.16194,0.23621,0.40474
0.025077,0.050748,0.06118,0.10693,0.20302,0.55304
0.020839,0.021753,0.024858,0.08436,0.16425,0.68394
0.014491,0.031506,0.045528,0.093979,0.18442,0.63007
0.013246,0.022105,0.031433,0.086782,0.18946,0.65697
0.012381,0.022186,0.037397,0.066173,0.13753,0.72433
0.019315,0.033143,0.045201,0.086148,0.18845,0.62775
0.39732,0.013165,0.054391,0.046264,0.082533,0.40633
0.40585,0.0095383,0.01454,0.038177,0.091109,0.44078
0.025942,0.02422,0.066388,0.095508,0.16566,0.62229
0.023945,0.043377,0.051391,0.07031,0.15042,0.66055
0.022716,0.061443,0.091044,0.10721,0.16281,0.55477
0.032286,0.041181,0.055762,0.11727,0.22953,0.52397
0.006999,0.021721,0.040454,0.085598,0.15393,0.6913
0.0014677,0.0092512,0.020059,0.071159,0.4206,0.47746
0.0099224,0.036798,0.069271,0.14531,0.28629,0.45241
0.0027576,0.054367,0.068086,0.15204,0.20543,0.51732
0.0097162,0.033709,0.063238,0.14699,0.26795,0.4784
0.011839,0.058689,0.095965,0.18359,0.24775,0.40217
0.033624,0.065284,0.090591,0.14584,0.22677,0.43789
0.058058,0.043899,0.085925,0.1526,0.248,0.41152
0.026965,0.033984,0.042035,0.091072,0.17196,0.63399
0.40776,0.029302,0.050647,0.067835,0.10742,0.33703
0.011839,0.058689,0.095965,0.18359,0.24775,0.40217
0.0076702,0.024446,0.040721,0.092164,0.18571,0.64929
0.020953,0.058511,0.061936,0.11222,0.2029,0.54348
0.025522,0.041198,0.052644,0.10822,0.19366,0.57875
0.12415,0.18336,0.12443,0.12095,0.14159,0.30552
0.014605,0.053037,0.067896,0.10405,0.19604,0.56437
0.0064208,0.027491,0.047145,0.10379,0.25001,0.56515
0.0080058,0.0224,0.057759,0.18335,0.25974,0.46874
0.0057375,0.0097364,0.016739,0.051609,0.24633,0.66985
0.022182,0.11653,0.087296,0.10521,0.15333,0.51545
0.28552,0.013832,0.022728,0.039556,0.092306,0.54606
0.020593,0.041355,0.054682,0.10424,0.18887,0.59026
0.010213,0.019541,0.033746,0.060133,0.15701,0.71936
0.32405,0.024935,0.026799,0.047768,0.13671,0.43975
0.0054626,0.016545,0.030923,0.061228,0.16212,0.72372
0.028874,0.12758,0.14394,0.19008,0.13974,0.36978
0.0058507,0.02589,0.044052,0.096806,0.24019,0.58721
0.0058507,0.02589,0.044052,0.096806,0.24019,0.58721
0.32558,0.010751,0.020318,0.040175,0.092063,0.51112
0.20166,0.081255,0.10725,0.12495,0.12325,0.36164
0.23286,0.053166,0.060428,0.1141,0.21946,0.31999
0.043478,0.049927,0.055653,0.10649,0.19888,0.54557
0.22728,0.13934,0.065122,0.083544,0.11754,0.36718
0.0075085,0.036904,0.061612,0.11531,0.18527,0.59339
0.014423,0.040158,0.059558,0.12103,0.19668,0.56816
0.015955,0.021155,0.053995,0.094109,0.18687,0.62792
0.038917,0.070484,0.07705,0.13322,0.19315,0.48719
0.039447,0.040672,0.047339,0.086661,0.19132,0.59456
0.012927,0.017956,0.028101,0.085395,0.17114,0.68448
0.0085153,0.026625,0.042928,0.085286,0.18169,0.65495
0.012927,0.017956,0.028101,0.085395,0.17114,0.68448
0.0077066,0.019315,0.028768,0.064702,0.16269,0.71682
0.0077066,0.019315,0.028768,0.064702,0.16269,0.71682
0.037247,0.020362,0.02464,0.064596,0.18609,0.66706
0.057282,0.070613,0.071159,0.08007,0.12206,0.59882
0.014698,0.052689,0.073981,0.16665,0.24708,0.4449
0.18213,0.012243,0.024442,0.053692,0.15414,0.57335
0.014698,0.052689,0.073981,0.16665,0.24708,0.4449
0.036451,0.050704,0.064588,0.11064,0.19738,0.54023
0.0504,0.13753,0.11574,0.12475,0.18836,0.38321
0.013994,0.072117,0.10615,0.17745,0.22445,0.40585
0.038917,0.070484,0.07705,0.13322,0.19315,0.48719
0.11228,0.084288,0.067184,0.096114,0.15581,0.48433
0.0085153,0.026625,0.042928,0.085286,0.18169,0.65495
0.033806,0.020977,0.025247,0.06509,0.16367,0.69121
0.038917,0.070484,0.07705,0.13322,0.19315,0.48719
0.021992,0.052187,0.073997,0.13346,0.24868,0.46969
0.012595,0.026059,0.041626,0.078942,0.15166,0.68912
0.37477,0.055289,0.055382,0.075938,0.09888,0.33974
0.00084102,0.034991,0.087433,0.1927,0.30758,0.37646
0.39604,0.024919,0.029941,0.051286,0.082266,0.41555
0.025077,0.050748,0.06118,0.10693,0.20302,0.55304
0.0046337,0.039568,0.062559,0.11951,0.21264,0.56109
0.01268,0.023593,0.033952,0.086164,0.27859,0.56502
0.0012534,0.0055677,0.012272,0.024414,0.08753,0.86896
0.33428,0.013408,0.026468,0.058883,0.13817,0.4288
0.14052,0.079108,0.066772,0.091117,0.17642,0.44606
0.0075247,0.017944,0.026448,0.047699,0.11169,0.78869
0.0012534,0.067099,0.1113,0.14385,0.18788,0.48862
0.021369,0.052159,0.067006,0.11675,0.16203,0.58068
0.052394,0.14879,0.13455,0.13337,0.17104,0.35986
0.022246,0.078332,0.09869,0.14785,0.2144,0.43848
0.0072618,0.043066,0.090094,0.15726,0.25444,0.44788
0.034304,0.044865,0.056089,0.072275,0.11302,0.67945
0.062894,0.084275,0.080689,0.1671,0.15261,0.45243
0.04239,0.055317,0.068943,0.11697,0.21119,0.50519
0.020714,0.034837,0.049648,0.085501,0.20139,0.60791
0.021369,0.052159,0.067006,0.11675,0.16203,0.58068
0.004387,0.014633,0.058208,0.14255,0.21148,0.56874
0.021798,0.037834,0.067071,0.12198,0.20437,0.54695
0.02633,0.061887,0.070099,0.098439,0.14807,0.59518
0.016331,0.044287,0.068595,0.11528,0.18173,0.57377
0.063747,0.057112,0.068866,0.10322,0.16763,0.53943
0.017859,0.027976,0.039576,0.079403,0.17641,0.65878
0.021935,0.054432,0.069206,0.11156,0.22413,0.51874
0.022356,0.02147,0.026124,0.05989,0.15376,0.7164
0.021798,0.037834,0.067071,0.12198,0.20437,0.54695
0.0085598,0.024345,0.061483,0.11164,0.16208,0.63189
0.053776,0.072699,0.1026,0.15461,0.24105,0.37526
0.0074761,0.049571,0.084656,0.18218,0.27609,0.40003
0.00148,0.015442,0.039283,0.13713,0.25589,0.55077
0.016076,0.051201,0.072259,0.12888,0.22979,0.5018
0.36141,0.020637,0.02709,0.044756,0.063844,0.48226
0.080054,0.04947,0.036896,0.072655,0.15666,0.60427
0.0205,0.063339,0.077948,0.14232,0.22725,0.46864
0.016897,0.056542,0.05799,0.10357,0.17658,0.58841
0.0047428,0.019141,0.04015,0.086976,0.22464,0.62435
0.0064796,0.018704,0.025357,0.029973,0.051032,0.86845
0.011976,0.099854,0.12949,0.15353,0.21137,0.39379
0.029355,0.06982,0.073629,0.12931,0.20259,0.4953
0.0032711,0.031004,0.058616,0.10685,0.20841,0.59185
0.004387,0.014633,0.058208,0.14255,0.21148,0.56874
0.036904,0.040862,0.06564,0.12136,0.28053,0.45471
0.041408,0.050133,0.046919,0.062769,0.16263,0.63614
0.034081,0.060796,0.087551,0.13912,0.21241,0.46604
0.0059356,0.02952,0.069182,0.13781,0.23447,0.52309
0.073411,0.082112,0.075861,0.11119,0.15171,0.50572
0.0099466,0.038747,0.053603,0.095633,0.1681,0.63397
0.021369,0.052159,0.067006,0.11675,0.16203,0.58068
0.027236,0.094606,0.1077,0.15417,0.20104,0.41525
0.24153,0.1465,0.065126,0.05767,0.10537,0.38381
0.3806,0.043891,0.047069,0.065033,0.10077,0.36264
0.03022,0.027349,0.038905,0.067993,0.13897,0.69656
0.0066553,0.024478,0.044347,0.091792,0.23601,0.59672
0.0054706,0.025635,0.054638,0.12291,0.19705,0.5943
0.0042617,0.048185,0.092568,0.16316,0.22409,0.46774
0.0081756,0.020241,0.047606,0.1084,0.21146,0.60412
0.036871,0.10675,0.11465,0.15358,0.1785,0.40965
0.0018519,0.036362,0.063776,0.11249,0.18779,0.59773
0.017358,0.049672,0.074171,0.12276,0.20473,0.53131
0.003174,0.0096879,0.018599,0.049915,0.14369,0.77494
0.0045164,0.017261,0.040462,0.15872,0.23743,0.54161
0.0039989,0.036798,0.071438,0.12602,0.21455,0.54719
0.41292,0.022283,0.033168,0.073674,0.082181,0.37577
0.43103,0.014572,0.025865,0.052701,0.090955,0.38488
0.0055111,0.019659,0.057913,0.11768,0.21572,0.58351
0.006061,0.050647,0.076949,0.11089,0.19357,0.56188
0.019299,0.060739,0.049046,0.082739,0.1539,0.63428
0.003639,0.014981,0.04045,0.10133,0.24582,0.59379
0.0013869,0.011034,0.02988,0.077414,0.19653,0.68376
0.044226,0.043082,0.049976,0.083305,0.15142,0.62799
0.010153,0.014431,0.021494,0.07143,0.17422,0.70827
0.0053534,0.010917,0.022129,0.084688,0.24582,0.6311
0.062276,0.067415,0.05317,0.073892,0.1406,0.60265
0.022457,0.066517,0.075978,0.12842,0.21722,0.4894
0.0025392,0.012417,0.028623,0.074689,0.21106,0.67067
0.020015,0.061572,0.07967,0.13112,0.22999,0.47764
0.017714,0.036422,0.054702,0.096086,0.16899,0.62608
0.020326,0.027119,0.034393,0.070087,0.16167,0.6864
0.03525,0.05469,0.065866,0.12263,0.19463,0.52692
0.026472,0.078506,0.069489,0.10314,0.16217,0.56022
0.039172,0.059316,0.064677,0.097683,0.15856,0.58059
0.0029961,0.0070435,0.024414,0.105,0.21748,0.64306
0.026464,0.035658,0.046442,0.090716,0.18358,0.61714
0.0051553,0.012049,0.021013,0.077822,0.21944,0.66452
0.023189,0.046616,0.056287,0.10957,0.18686,0.57747
0.044962,0.050356,0.053934,0.090535,0.1805,0.57971
0.0061984,0.027555,0.039176,0.066274,0.15127,0.70953
0.01735,0.046846,0.057662,0.077762,0.17595,0.62443
0.0062429,0.018179,0.038468,0.10069,0.23012,0.6063
0.016394,0.080042,0.099033,0.15911,0.21783,0.42759
0.0079896,0.063695,0.10843,0.15734,0.24256,0.41997
0.030576,0.059805,0.050044,0.080689,0.12119,0.6577
0.19129,0.01283,0.018434,0.046078,0.10407,0.62729
0.079209,0.10005,0.10214,0.13773,0.19656,0.38432
0.021915,0.076213,0.093276,0.1587,0.248,0.4019
0.0067362,0.036746,0.082905,0.15638,0.27079,0.44644
0.053,0.096854,0.10642,0.13223,0.2238,0.3877
0.0096272,0.05689,0.090397,0.13304,0.23765,0.4724
0.021228,0.047902,0.048059,0.088197,0.16854,0.62607
0.01025,0.026541,0.031773,0.089253,0.22329,0.6189
0.070285,0.099604,0.080236,0.084098,0.15012,0.51566
0.024305,0.058871,0.081097,0.12092,0.19011,0.5247
0.0078764,0.033293,0.067762,0.12657,0.18238,0.58212
0.03675,0.061621,0.070095,0.14454,0.24997,0.43702
0.036815,0.055515,0.070124,0.11857,0.20828,0.51069
0.032335,0.054678,0.074891,0.13631,0.23242,0.46937
0.1922,0.021353,0.030442,0.056829,0.13415,0.56503
0.00092188,0.0069788,0.022424,0.073298,0.16726,0.72912
0.0061823,0.057221,0.074911,0.1196,0.21647,0.52562
0.14573,0.072675,0.048561,0.075247,0.11647,0.54132
0.41089,0.0027697,0.0079896,0.0095099,0.018911,0.54993
0.023399,0.14442,0.090818,0.088679,0.14643,0.50625
0.021369,0.052159,0.067006,0.11675,0.16203,0.58068
0.0023227,0.037307,0.075969,0.14879,0.25619,0.47941
0.074887,0.077394,0.067435,0.06832,0.084089,0.62787
0.031506,0.095924,0.12539,0.16928,0.25409,0.32381
0.0083333,0.01342,0.023476,0.053894,0.11137,0.78951
0.054423,0.066816,0.063578,0.12006,0.20687,0.48825
0.013379,0.03973,0.051973,0.092002,0.17648,0.62644
0.016578,0.025449,0.034142,0.067564,0.15997,0.69629
0.015652,0.032508,0.041315,0.068834,0.1526,0.68909
0.022141,0.019117,0.043106,0.11588,0.21783,0.58193
0.0071122,0.031429,0.040458,0.067273,0.15366,0.70006
0.013723,0.047995,0.087251,0.17371,0.27785,0.39946
0.021369,0.052159,0.067006,0.11675,0.16203,0.58068
0.0023106,0.031522,0.064386,0.15895,0.26725,0.47559
0.014799,0.052256,0.068244,0.10954,0.21715,0.53802
0.0048116,0.027891,0.041727,0.08157,0.22142,0.62258
0.0014273,0.046393,0.066743,0.11215,0.22626,0.54702
0.020791,0.073508,0.097598,0.19274,0.23774,0.37762
0.017669,0.026613,0.03692,0.11137,0.21414,0.59329
0.10306,0.048844,0.03802,0.061528,0.12302,0.62553
0.044165,0.05799,0.055806,0.095002,0.22125,0.52579
0.025077,0.050748,0.06118,0.10693,0.20302,0.55304
0.15375,0.10346,0.070104,0.095261,0.1483,0.42913
0.00634,0.018054,0.028117,0.10412,0.24381,0.59955
0.013675,0.03605,0.050368,0.11671,0.23392,0.54927
0.00033155,0.023051,0.052555,0.1156,0.20957,0.59889
0.0081514,0.027377,0.047242,0.099883,0.16718,0.65017
0.008022,0.013412,0.027814,0.075995,0.17739,0.69737
0.02633,0.061887,0.070099,0.098439,0.14807,0.59518
0.011976,0.099854,0.12949,0.15353,0.21137,0.39379
0.025077,0.050748,0.06118,0.10693,0.20302,0.55304
0.0002709,0.0042051,0.024385,0.071183,0.19271,0.70724
0.0069101,0.016279,0.03149,0.072683,0.16304,0.7096
0.0057213,0.022194,0.071959,0.16141,0.25292,0.48579
0.0069101,0.016279,0.03149,0.072683,0.16304,0.7096
0.0069101,0.016279,0.03149,0.072683,0.16304,0.7096
0.016727,0.055014,0.068583,0.12525,0.21686,0.51756
0.0041202,0.02297,0.044614,0.092273,0.21774,0.61828
0.087603,0.12077,0.099341,0.12128,0.15621,0.41479
0.34013,0.013586,0.031126,0.077806,0.10813,0.42922
0.067504,0.066622,0.071624,0.078008,0.1665,0.54975
0.033713,0.038185,0.055285,0.094052,0.1999,0.57887
0.0064491,0.0317,0.060957,0.1445,0.2749,0.48149
0.029658,0.050724,0.063812,0.10256,0.24753,0.50572
0.00075206,0.015066,0.055701,0.15754,0.28833,0.48261
0.033932,0.069024,0.088537,0.16868,0.26969,0.37014
0.013117,0.016909,0.026055,0.054391,0.12932,0.76021
0.016857,0.032686,0.046397,0.074761,0.11763,0.71167
0.005968,0.023476,0.036269,0.08618,0.29058,0.55752
0.016828,0.056207,0.079981,0.14204,0.22317,0.48177
0.31464,0.017483,0.021931,0.04163,0.11401,0.49031
0.047259,0.052572,0.071854,0.10691,0.14271,0.5787
0.03825,0.053259,0.047477,0.054177,0.13513,0.67171
0.015158,0.037086,0.049418,0.08324,0.12685,0.68825
0.043943,0.090397,0.057885,0.080163,0.11697,0.61064
0.036965,0.087714,0.060745,0.072284,0.13069,0.61161
0.017876,0.062462,0.099232,0.15283,0.21525,0.45235
0.0038088,0.020928,0.039556,0.087154,0.18425,0.66431
0.0050218,0.013804,0.024381,0.05892,0.1708,0.72707
0.00085856,0.0098541,0.025236,0.054316,0.14982,0.75992
0.022723,0.098996,0.13053,0.18628,0.25018,0.31129
0.0048439,0.021507,0.030038,0.066667,0.19757,0.67937
0.026965,0.033984,0.042035,0.091072,0.17196,0.63399
0.0038088,0.020928,0.039556,0.087154,0.18425,0.66431
0.0048278,0.018696,0.04212,0.087846,0.19359,0.65292
0.013525,0.054217,0.069178,0.10796,0.16547,0.58966
0.0029193,0.021907,0.047194,0.095484,0.1569,0.6756
0.10493,0.11632,0.072833,0.091444,0.099001,0.51547
0.0045124,0.061228,0.075797,0.10977,0.19624,0.55245
0.041214,0.1052,0.10921,0.11294,0.18351,0.44793
0.4074,0.014301,0.021248,0.050744,0.11006,0.39625
0.010569,0.052179,0.078113,0.14918,0.24848,0.46148
0.063424,0.10597,0.11806,0.16047,0.22817,0.3239
0.0079937,0.023734,0.052147,0.13184,0.20471,0.57957
0.0068009,0.023096,0.031914,0.069186,0.21338,0.65563
0.30726,0.035662,0.043179,0.085618,0.15145,0.37683
0.027879,0.066121,0.083916,0.14258,0.19694,0.48257
0.025416,0.066695,0.090805,0.13979,0.24341,0.43388
0.03973,0.069448,0.08043,0.11271,0.20354,0.49414
0.30726,0.035662,0.043179,0.085618,0.15145,0.37683
0.0025635,0.0091582,0.020621,0.058564,0.16349,0.7456
0.011976,0.099854,0.12949,0.15353,0.21137,0.39379
0.0081312,0.01399,0.018947,0.044165,0.11828,0.79649
0.022295,0.018486,0.019178,0.048581,0.16471,0.72675
0.019064,0.051965,0.063036,0.12463,0.23096,0.51035
0.014698,0.034688,0.046749,0.089026,0.18354,0.6313
0.027968,0.028271,0.032407,0.062959,0.11093,0.73746
0.0071001,0.047566,0.086362,0.15131,0.22399,0.48367
0.33814,0.010428,0.017459,0.038913,0.084595,0.51047
0.059263,0.050332,0.051419,0.09643,0.1723,0.57026
0.046414,0.11477,0.089156,0.10809,0.17225,0.46932
0.011976,0.099854,0.12949,0.15353,0.21137,0.39379
0.04258,0.056279,0.063937,0.11468,0.19273,0.52979
0.011216,0.035966,0.050712,0.092823,0.14646,0.66283
0.0064491,0.0317,0.060957,0.1445,0.2749,0.48149
0.37159,0.031364,0.044028,0.082092,0.10148,0.36944
0.037122,0.07373,0.084785,0.14478,0.24884,0.41074
0.0057982,0.019881,0.053772,0.12704,0.23737,0.55613
0.047364,0.065502,0.06997,0.10746,0.17253,0.53718
0.00016173,0.038145,0.10639,0.17585,0.2818,0.39764
0.042669,0.027944,0.039625,0.072732,0.15741,0.65962
0.004294,0.02479,0.033673,0.06124,0.14252,0.73348
0.35112,0.02464,0.026908,0.039026,0.070059,0.48824
0.30136,0.013379,0.013141,0.025202,0.079278,0.56764
0.01266,0.04311,0.060408,0.11381,0.22248,0.54753
0.001399,0.010173,0.035743,0.10081,0.18461,0.66727
0.0078764,0.033293,0.067762,0.12657,0.18238,0.58212
0.012607,0.031126,0.052923,0.11944,0.23794,0.54596
0.0046377,0.011564,0.017544,0.045116,0.20449,0.71665
0.022364,0.056049,0.059607,0.12337,0.24814,0.49047
0.037259,0.069222,0.18187,0.24973,0.38005,0.081862
0.027968,0.028271,0.032407,0.062959,0.11093,0.73746
0.03802,0.052891,0.066606,0.11538,0.17954,0.54756
0.0051148,0.0061701,0.012813,0.050032,0.21655,0.70932
0.18205,0.019218,0.028675,0.066493,0.12601,0.57755
0.41112,0.029666,0.028542,0.049203,0.090191,0.39128
0.020621,0.050449,0.051504,0.082541,0.14254,0.65234
0.040814,0.048532,0.050328,0.080305,0.14711,0.63291
0.0073831,0.030155,0.056987,0.14261,0.24566,0.5172
0.042859,0.05564,0.052697,0.077078,0.088986,0.68274
0.048371,0.090316,0.10258,0.12972,0.16763,0.46138
0.001399,0.010173,0.035743,0.10081,0.18461,0.66727
0.0097,0.047623,0.071094,0.13274,0.20996,0.52888
0.0075611,0.02944,0.052268,0.097246,0.19536,0.61813
0.020868,0.046122,0.054124,0.10011,0.18854,0.59024
0.063698,0.10741,0.10709,0.16871,0.2631,0.28999
0.025364,0.065215,0.073338,0.09641,0.16907,0.5706
0.061742,0.051609,0.072796,0.12411,0.18287,0.50687
0.0029961,0.018886,0.036394,0.087947,0.19987,0.6539
0.012595,0.026059,0.041626,0.078942,0.15166,0.68912
0.004007,0.011382,0.028077,0.078878,0.18641,0.69124
0.004852,0.013618,0.05687,0.06494,0.13759,0.72213
0.27054,0.012813,0.019105,0.044982,0.079015,0.57355
0.0027697,0.031546,0.059397,0.13826,0.24957,0.51846
0.0094169,0.060153,0.091291,0.14155,0.21869,0.4789
0.0035784,0.029448,0.047837,0.085974,0.23359,0.59957
0.0056445,0.021591,0.049774,0.12287,0.2252,0.57492
0.073621,0.13725,0.12459,0.1418,0.17956,0.34317
0.013614,0.045734,0.059979,0.10648,0.19274,0.58145
0.39014,0.09404,0.060331,0.090421,0.10902,0.25604
0.027968,0.028271,0.032407,0.062959,0.11093,0.73746
0.032432,0.031114,0.039823,0.060311,0.15955,0.67677
0.0075125,0.056465,0.089928,0.16038,0.2727,0.41302
0.0084344,0.016343,0.024693,0.05408,0.16909,0.72736
0.034081,0.060796,0.087551,0.13912,0.21241,0.46604
0.034348,0.048908,0.063024,0.12513,0.24197,0.48661
0.0078764,0.033293,0.067762,0.12657,0.18238,0.58212
0.018102,0.031138,0.077826,0.15715,0.19489,0.52089
0.034081,0.060796,0.087551,0.13912,0.21241,0.46604
0.065316,0.061204,0.054241,0.095556,0.16306,0.56062
0.024705,0.074228,0.096131,0.16892,0.23883,0.39719
0.025412,0.039512,0.050582,0.082019,0.17931,0.62317
0.016828,0.056207,0.079981,0.14204,0.22317,0.48177
0.0235,0.062082,0.086346,0.13842,0.23602,0.45363
0.056223,0.033859,0.047716,0.093074,0.1687,0.60042
0.00086528,0.0070475,0.022303,0.054541,0.16921,0.74603
0.071503,0.038784,0.038258,0.070742,0.13252,0.6482
