0.13497,0.14007,0.10926,0.14317,0.17996,0.13254,0.14738,0.012633
0.1264,0.12222,0.14457,0.1793,0.16018,0.1202,0.1377,0.0094225
0.30358,0.12511,0.056539,0.021329,0.33484,0.11263,0.042977,0.0029925
0.11454,0.16176,0.064762,0.11793,0.21437,0.21126,0.10436,0.011029
0.1286,0.18341,0.1457,0.077212,0.14605,0.1959,0.11612,0.0070115
0.21869,0.21541,0.15503,0.080074,0.12221,0.11289,0.089919,0.0057758
0.22389,0.16737,0.078785,0.077454,0.17863,0.16931,0.098027,0.0065352
0.2113,0.11558,0.069739,0.10516,0.2754,0.14916,0.06643,0.0072313
0.087114,0.074633,0.20476,0.22145,0.071007,0.086861,0.23402,0.020155
0.078869,0.16923,0.07266,0.10416,0.21269,0.30099,0.052426,0.0089676
0.096655,0.099724,0.14514,0.066278,0.35226,0.17643,0.05155,0.011967
0.058679,0.062116,0.25755,0.25264,0.16352,0.072183,0.10533,0.027989
0.11649,0.092422,0.11785,0.1386,0.25135,0.17588,0.10212,0.0052813
0.10437,0.1851,0.10149,0.15597,0.11912,0.23422,0.096246,0.0034939
0.16198,0.14542,0.13791,0.20229,0.094553,0.10719,0.11057,0.040087
0.14871,0.14237,0.1171,0.12685,0.17996,0.15695,0.12107,0.0069838
0.089086,0.16487,0.11125,0.13806,0.069031,0.10239,0.30969,0.015622
0.062317,0.090899,0.2336,0.1521,0.05897,0.12851,0.24428,0.029326
0.1571,0.11178,0.10876,0.11782,0.17221,0.10876,0.1148,0.10876
0.027621,0.31885,0.059533,0.049075,0.11826,0.38938,0.027621,0.0096541
0.099389,0.097082,0.1701,0.17134,0.12676,0.13119,0.19547,0.0086669
0.13483,0.11555,0.10762,0.15516,0.22157,0.14407,0.11736,0.003839
0.1284,0.10529,0.23087,0.11479,0.1058,0.089111,0.2093,0.016436
0.11146,0.11654,0.17795,0.18758,0.12336,0.14033,0.13403,0.0087489
0.11908,0.083061,0.11694,0.074082,0.24153,0.23051,0.12847,0.0063265
0.060099,0.076015,0.080818,0.10593,0.32958,0.20156,0.13982,0.0061745
0.24245,0.076304,0.097685,0.10063,0.19066,0.14221,0.14241,0.0076501
0.091925,0.10926,0.19333,0.10202,0.076129,0.10479,0.28602,0.036523
0.16813,0.14291,0.12129,0.11372,0.16647,0.12092,0.16102,0.0055427
0.13336,0.15895,0.13394,0.14833,0.13972,0.15984,0.12065,0.0052001
0.20387,0.098854,0.19189,0.18505,0.045835,0.033692,0.23328,0.0075252
0.17142,0.11195,0.096092,0.1307,0.22493,0.13904,0.12214,0.0037216
0.10815,0.074699,0.30691,0.13968,0.078009,0.081493,0.19856,0.012508
0.092055,0.14368,0.1391,0.19427,0.09905,0.17219,0.14434,0.015306
0.22204,0.28889,0.076165,0.028674,0.078136,0.18799,0.11057,0.0075269
0.11649,0.092422,0.11785,0.1386,0.25135,0.17588,0.10212,0.0052813
0.19208,0.090324,0.1535,0.12743,0.20357,0.084605,0.14039,0.0081048
0.10116,0.057373,0.12431,0.19225,0.14847,0.16709,0.18118,0.028183
0.10064,0.070027,0.17774,0.32784,0.12027,0.12702,0.069085,0.0073795
0.12811,0.13425,0.10691,0.09063,0.16621,0.20061,0.16098,0.012289
0.15322,0.058226,0.15951,0.10572,0.32704,0.082833,0.10687,0.0065808
0.13991,0.15313,0.1314,0.11093,0.16315,0.171,0.1235,0.0069756
0.19195,0.22132,0.09469,0.077231,0.15929,0.17151,0.078464,0.0055459
0.027621,0.31885,0.059533,0.049075,0.11826,0.38938,0.027621,0.0096541
0.0094787,0.046243,0.4178,0.034004,0.0075461,0.044909,0.43606,0.0039571
0.11101,0.17229,0.20133,0.09912,0.068595,0.13662,0.20098,0.010061
0.11177,0.11993,0.16062,0.15041,0.13857,0.15082,0.16298,0.0048988
0.15581,0.22505,0.058762,0.1461,0.1901,0.14171,0.046,0.036476
0.13331,0.13002,0.17268,0.079984,0.30189,0.089828,0.075882,0.016407
0.19151,0.25597,0.043538,0.045021,0.17661,0.22588,0.059612,0.0018534
0.14741,0.16261,0.14142,0.11944,0.125,0.15862,0.13021,0.015288
0.072924,0.10111,0.14365,0.1997,0.14905,0.16982,0.15581,0.0079338
0.099609,0.12852,0.051953,0.11934,0.41016,0.12305,0.058984,0.0083984
0.12469,0.12707,0.1692,0.16379,0.13381,0.13228,0.14491,0.0042371
0.033261,0.10499,0.13116,0.26132,0.15907,0.14071,0.15763,0.011858
0.13079,0.086092,0.15958,0.19944,0.14725,0.096769,0.14788,0.032199
0.08976,0.065148,0.14072,0.36753,0.097288,0.10771,0.12547,0.00637
0.058293,0.28386,0.097719,0.11706,0.15047,0.14606,0.13254,0.013987
0.20003,0.1348,0.12221,0.10936,0.18438,0.12876,0.11306,0.0074021
0.087181,0.14908,0.13799,0.17771,0.094403,0.14676,0.19293,0.013928
0.15444,0.14059,0.10873,0.12504,0.19599,0.14855,0.12342,0.003243
0.21332,0.063859,0.040761,0.14447,0.13451,0.19837,0.18795,0.016757
0.083148,0.067234,0.20898,0.36171,0.073649,0.042314,0.15149,0.011473
0.10068,0.089529,0.19145,0.22831,0.072491,0.10006,0.1961,0.021375
0.093414,0.10231,0.22347,0.1923,0.094782,0.14178,0.14393,0.0080125
0.11652,0.19878,0.094088,0.10238,0.13712,0.2458,0.085771,0.019544
0.22538,0.10691,0.049477,0.11628,0.24333,0.20524,0.039956,0.013423
0.22016,0.23594,0.063786,0.058185,0.17673,0.17032,0.06973,0.005144
0.1306,0.14257,0.15425,0.13017,0.14704,0.1652,0.12268,0.007496
0.14681,0.19352,0.098699,0.10689,0.16466,0.18281,0.10355,0.0030607
0.24933,0.18829,0.046017,0.074503,0.2185,0.12021,0.092659,0.010487
0.089305,0.18956,0.11963,0.084283,0.12407,0.23353,0.1544,0.0052154
0.12025,0.041709,0.20115,0.18525,0.21838,0.065948,0.1607,0.0066105
0.044298,0.044722,0.11721,0.14625,0.26282,0.085418,0.28614,0.013141
0.0503,0.10536,0.16416,0.18594,0.12738,0.12788,0.20546,0.033534
0.09184,0.17911,0.078485,0.12166,0.14032,0.30059,0.079583,0.0084157
0.12153,0.12719,0.15872,0.10725,0.21881,0.069254,0.18351,0.013743
0.25325,0.11795,0.080721,0.11069,0.24137,0.11306,0.080754,0.0022111
0.10386,0.069646,0.051127,0.11795,0.33333,0.27295,0.036634,0.014493
0.12287,0.11302,0.22739,0.16198,0.11977,0.088138,0.15004,0.016791
0.125,0.125,0.125,0.125,0.125,0.125,0.125,0.125
0.14455,0.1059,0.18616,0.1757,0.10033,0.090667,0.16498,0.031709
0.11458,0.14516,0.08441,0.10208,0.16996,0.25767,0.1216,0.0045459
0.10594,0.12597,0.24893,0.089185,0.047562,0.11002,0.26887,0.0035216
0.1272,0.18887,0.13444,0.092815,0.12889,0.1773,0.14292,0.0075547
0.080841,0.16809,0.076076,0.11009,0.049622,0.21755,0.28377,0.013966
0.18,0.1638,0.11507,0.08658,0.18084,0.20793,0.058791,0.0069823
0.16366,0.14835,0.11588,0.16778,0.16102,0.13473,0.10442,0.0041706
0.16504,0.080507,0.26208,0.020731,0.13447,0.090642,0.24371,0.0028218
0.12796,0.16632,0.13567,0.16171,0.11982,0.15302,0.12623,0.0092547
0.062276,0.051075,0.092832,0.31022,0.051523,0.04543,0.10063,0.28602
0.19116,0.12275,0.23534,0.10281,0.13135,0.097342,0.10438,0.014855
0.13169,0.1721,0.13383,0.12582,0.12808,0.17244,0.11938,0.016652
0.15286,0.10923,0.10382,0.32093,0.09672,0.080149,0.12175,0.014542
0.16227,0.14271,0.10234,0.2062,0.15566,0.10665,0.10868,0.01549
0.051051,0.11829,0.25003,0.10785,0.08774,0.093224,0.28346,0.0083562
0.15509,0.089711,0.11353,0.12367,0.26102,0.12418,0.11303,0.019767
0.040223,0.034916,0.031285,0.079888,0.31341,0.38994,0.099441,0.010894
0.14178,0.17,0.11096,0.10199,0.16523,0.20275,0.096621,0.010673
0.1056,0.14512,0.14499,0.17841,0.094843,0.14654,0.15444,0.030058
0.098142,0.15483,0.14408,0.11777,0.10461,0.1659,0.20558,0.0090833
0.10897,0.15226,0.16111,0.20741,0.0773,0.085536,0.20313,0.0042852
0.19151,0.25597,0.043538,0.045021,0.17661,0.22588,0.059612,0.0018534
0.1264,0.12222,0.14457,0.1793,0.16018,0.1202,0.1377,0.0094225
0.11428,0.14959,0.11152,0.13565,0.11954,0.14091,0.22113,0.0073645
0.11857,0.11536,0.13409,0.14868,0.16078,0.17151,0.1469,0.0041024
0.29349,0.090644,0.037492,0.073153,0.28217,0.19085,0.029356,0.0028475
0.055475,0.27826,0.051747,0.034814,0.056738,0.47179,0.048841,0.0023378
0.094227,0.034858,0.078159,0.42838,0.072712,0.069717,0.17456,0.047386
0.20566,0.18429,0.084922,0.10283,0.1346,0.1814,0.084344,0.021953
0.089705,0.085434,0.26767,0.088798,0.10599,0.090079,0.26383,0.00849
0.1056,0.14512,0.14499,0.17841,0.094843,0.14654,0.15444,0.030058
0.15717,0.11347,0.19405,0.078414,0.15573,0.1051,0.19298,0.0030872
0.13109,0.1422,0.11747,0.16961,0.1268,0.1282,0.17921,0.0054176
0.15635,0.054072,0.16938,0.081433,0.2456,0.1329,0.13616,0.024104
0.071222,0.12966,0.21007,0.15793,0.079413,0.086505,0.25192,0.013285
0.1056,0.14512,0.14499,0.17841,0.094843,0.14654,0.15444,0.030058
0.15757,0.323,0.017347,0.029714,0.16238,0.21185,0.087697,0.01044
0.071429,0.083333,0.21032,0.18651,0.10714,0.18452,0.083333,0.073413
0.031974,0.26219,0.082334,0.1255,0.18545,0.20224,0.081535,0.028777
0.089932,0.031834,0.043772,0.10824,0.18981,0.15798,0.36013,0.018305
0.21985,0.18394,0.048612,0.053944,0.19711,0.23522,0.055042,0.0062725
0.12488,0.09256,0.1339,0.14639,0.20081,0.15166,0.14432,0.0054762
0.15581,0.22505,0.058762,0.1461,0.1901,0.14171,0.046,0.036476
0.23786,0.061977,0.058626,0.061139,0.15578,0.20184,0.18928,0.033501
0.21379,0.21572,0.098928,0.10882,0.11679,0.10882,0.12531,0.011816
0.15744,0.099221,0.23903,0.13817,0.11152,0.077491,0.15006,0.02706
0.09436,0.12473,0.035745,0.10821,0.34641,0.19454,0.075177,0.020824
0.16168,0.22294,0.11014,0.083675,0.13245,0.18447,0.10004,0.0045916
0.10437,0.14006,0.19936,0.075664,0.099276,0.23209,0.13603,0.013147
0.040039,0.10293,0.18658,0.085913,0.20263,0.15691,0.21738,0.0076187
0.094987,0.12705,0.10791,0.35363,0.064601,0.19189,0.054073,0.0058619
0.055827,0.12079,0.24042,0.11127,0.10188,0.090687,0.26987,0.0092616
0.058692,0.33174,0.12982,0.033493,0.1445,0.18405,0.10367,0.014035
0.21822,0.16867,0.084212,0.077063,0.18127,0.16891,0.095723,0.0059372
0.15673,0.13103,0.046959,0.17337,0.28915,0.14528,0.055135,0.0023462
0.17786,0.17318,0.10604,0.11558,0.1887,0.14756,0.08098,0.010099
0.15565,0.1388,0.15114,0.192,0.14244,0.11702,0.094674,0.0082701
0.11763,0.096635,0.045258,0.05317,0.22228,0.3762,0.084608,0.0042199
0.12788,0.17514,0.11636,0.14312,0.12164,0.19201,0.10223,0.021612
0.10121,0.13518,0.161,0.20918,0.09288,0.098532,0.19357,0.0084489
0.14154,0.14535,0.11869,0.10092,0.13234,0.16058,0.18788,0.012694
0.13237,0.18604,0.10763,0.13516,0.15588,0.16346,0.11366,0.0057991
0.2113,0.11558,0.069739,0.10516,0.2754,0.14916,0.06643,0.0072313
0.099021,0.098645,0.19014,0.13648,0.10542,0.11483,0.2372,0.018261
0.11197,0.12029,0.1389,0.21851,0.12789,0.1299,0.14696,0.0055828
0.24704,0.19348,0.038505,0.043681,0.24729,0.19057,0.036971,0.0024605
0.21822,0.16867,0.084212,0.077063,0.18127,0.16891,0.095723,0.0059372
0.14074,0.1743,0.12927,0.083952,0.18454,0.16443,0.11798,0.0047946
0.15538,0.15795,0.1167,0.10306,0.1271,0.21552,0.1186,0.0057009
0.057189,0.032654,0.18979,0.32167,0.033015,0.041313,0.20332,0.12105
0.11739,0.15056,0.16257,0.11012,0.1073,0.15065,0.1918,0.0096181
0.11636,0.18378,0.17916,0.18252,0.10985,0.11657,0.10103,0.010712
0.11177,0.11993,0.16062,0.15041,0.13857,0.15082,0.16298,0.0048988
0.12586,0.12182,0.1288,0.1411,0.15625,0.19379,0.12724,0.0051409
0.14114,0.22176,0.13267,0.096695,0.10864,0.16457,0.13,0.0045349
0.1237,0.080169,0.14401,0.16735,0.21294,0.1075,0.1578,0.0065296
0.14772,0.22881,0.1008,0.090862,0.10481,0.2037,0.11475,0.0085455
0.29232,0.060778,0.019348,0.1979,0.33039,0.060358,0.029863,0.0090431
0.098116,0.13185,0.10908,0.24037,0.060444,0.05454,0.15659,0.149
0.16754,0.1727,0.10681,0.11922,0.1514,0.15514,0.12364,0.0035555
0.28212,0.10247,0.10188,0.033008,0.27488,0.11202,0.092155,0.0014608
0.074243,0.094432,0.078802,0.11071,0.169,0.37708,0.082058,0.013676
0.09532,0.10987,0.20527,0.17648,0.09595,0.086591,0.21888,0.01164
0.11765,0.16735,0.13578,0.17758,0.1131,0.17158,0.10774,0.0092201
0.12843,0.12812,0.16458,0.14818,0.12928,0.11567,0.17988,0.0058566
0.15017,0.10267,0.16054,0.12969,0.13491,0.13957,0.17568,0.0067662
0.02465,0.18967,0.096004,0.022833,0.1152,0.37182,0.17047,0.0093409
0.11636,0.18378,0.17916,0.18252,0.10985,0.11657,0.10103,0.010712
0.066403,0.050768,0.213,0.25623,0.17097,0.10282,0.11395,0.025844
0.20995,0.16193,0.14737,0.082769,0.13857,0.14939,0.10296,0.0070656
0.14327,0.11785,0.12901,0.15039,0.12811,0.13311,0.1913,0.0069585
0.1536,0.15275,0.12131,0.17058,0.15089,0.12754,0.11599,0.0073236
0.093625,0.12838,0.11463,0.34374,0.062417,0.18858,0.062269,0.00636
0.10352,0.095224,0.19145,0.15985,0.13683,0.12525,0.17558,0.012296
0.031974,0.26219,0.082334,0.1255,0.18545,0.20224,0.081535,0.028777
0.25325,0.11795,0.080721,0.11069,0.24137,0.11306,0.080754,0.0022111
0.12811,0.13425,0.10691,0.09063,0.16621,0.20061,0.16098,0.012289
0.09325,0.16629,0.15714,0.18867,0.12333,0.14691,0.11876,0.0056552
0.16174,0.14832,0.091913,0.15123,0.1677,0.18342,0.088661,0.0070129
0.15427,0.14597,0.1247,0.03165,0.16949,0.17139,0.19388,0.0086475
0.089411,0.086913,0.18681,0.15385,0.14585,0.058442,0.26074,0.017982
0.066403,0.050768,0.213,0.25623,0.17097,0.10282,0.11395,0.025844
0.069958,0.052641,0.2172,0.2452,0.16413,0.10252,0.12475,0.023606
0.05737,0.055233,0.056454,0.15044,0.35948,0.29295,0.017089,0.010986
0.052322,0.028777,0.44801,0.034009,0.034009,0.11903,0.25768,0.026161
0.15906,0.10266,0.1407,0.12639,0.17225,0.17346,0.1197,0.0057821
0.13432,0.25426,0.074658,0.051575,0.13848,0.27492,0.070091,0.0017007
0.14046,0.12422,0.13435,0.15475,0.17502,0.16475,0.093685,0.012769
0.094227,0.034858,0.078159,0.42838,0.072712,0.069717,0.17456,0.047386
0.11812,0.089932,0.092589,0.22555,0.21677,0.17184,0.081499,0.0036966
0.14866,0.13112,0.14501,0.18623,0.12147,0.12118,0.13785,0.0084783
0.13314,0.15813,0.1318,0.12787,0.13356,0.16784,0.14017,0.0074901
0.020994,0.091948,0.114,0.35663,0.10975,0.17672,0.11932,0.01063
0.0503,0.10536,0.16416,0.18594,0.12738,0.12788,0.20546,0.033534
0.09325,0.16629,0.15714,0.18867,0.12333,0.14691,0.11876,0.0056552
0.15592,0.12271,0.14454,0.16566,0.14526,0.11978,0.14217,0.0039601
0.21768,0.1739,0.081123,0.076365,0.17735,0.1701,0.097895,0.0055906
0.025545,0.058583,0.053134,0.20606,0.076635,0.48774,0.079019,0.013283
0.15844,0.10084,0.10783,0.10537,0.15135,0.20111,0.16977,0.0052875
0.15784,0.10388,0.065809,0.088754,0.30661,0.21029,0.05295,0.013868
0.18795,0.082308,0.12744,0.15667,0.10564,0.086923,0.23974,0.013333
0.1471,0.17341,0.10715,0.11025,0.16338,0.17791,0.11697,0.0038249
0.19095,0.093451,0.080574,0.065305,0.24982,0.23105,0.081678,0.0071744
0.099609,0.12852,0.051953,0.11934,0.41016,0.12305,0.058984,0.0083984
0.090985,0.14868,0.14619,0.238,0.13176,0.093481,0.13343,0.017476
0.12163,0.12639,0.18118,0.12227,0.069053,0.1172,0.24865,0.013621
0.030859,0.26439,0.069224,0.12344,0.18766,0.20601,0.088407,0.030025
0.11625,0.10041,0.13498,0.20713,0.13391,0.14579,0.13809,0.023443
0.19116,0.17676,0.085281,0.1062,0.16791,0.17063,0.071401,0.030665
0.18585,0.1176,0.081272,0.18465,0.18316,0.11257,0.11594,0.018962
0.13794,0.11678,0.26928,0.12383,0.076309,0.082322,0.17563,0.017921
0.16055,0.063456,0.11047,0.10436,0.13494,0.1961,0.2219,0.0082187
0.22387,0.032617,0.11342,0.11119,0.10823,0.16308,0.21646,0.031134
0.090355,0.09523,0.24304,0.17009,0.065634,0.10341,0.21205,0.020195
0.12832,0.14747,0.1331,0.14916,0.14159,0.14027,0.15584,0.0042597
0.19116,0.12275,0.23534,0.10281,0.13135,0.097342,0.10438,0.014855
0.070786,0.046791,0.090582,0.09838,0.43911,0.045591,0.18176,0.026995
0.15408,0.17058,0.11887,0.17475,0.14114,0.14893,0.087341,0.0043148
0.13843,0.11531,0.20369,0.18905,0.062335,0.035996,0.23734,0.017852
0.18324,0.097094,0.086567,0.24785,0.1996,0.090176,0.088432,0.0070384
0.23453,0.1477,0.1229,0.10294,0.20374,0.096949,0.084688,0.0065583
0.060167,0.10643,0.18533,0.19719,0.085493,0.089884,0.25838,0.017128
0.16634,0.15945,0.094592,0.16764,0.13639,0.13855,0.12648,0.010558
0.081957,0.094644,0.18745,0.178,0.13476,0.14421,0.1732,0.0057769
0.19145,0.14428,0.1005,0.084239,0.22328,0.1499,0.10235,0.0040077
0.24185,0.16443,0.11899,0.10697,0.11716,0.12755,0.11451,0.0085575
0.20609,0.19206,0.095221,0.082762,0.17024,0.16102,0.083495,0.0091085
0.12811,0.13425,0.10691,0.09063,0.16621,0.20061,0.16098,0.012289
0.12651,0.1232,0.11054,0.16096,0.19735,0.16175,0.11543,0.0042434
0.15643,0.13669,0.11625,0.1203,0.17084,0.17084,0.12299,0.0056524
0.32957,0.085918,0.081141,0.076136,0.24524,0.09388,0.084325,0.0037916
0.19345,0.12647,0.10517,0.099091,0.21763,0.14094,0.10348,0.013762
0.19956,0.16109,0.15323,0.074625,0.10995,0.19149,0.10481,0.0052405
0.1183,0.14613,0.0841,0.18904,0.18193,0.16967,0.10531,0.0055167
0.19345,0.12647,0.10517,0.099091,0.21763,0.14094,0.10348,0.013762
0.11511,0.13723,0.14349,0.15007,0.13509,0.16918,0.14452,0.0053116
0.14033,0.11509,0.13531,0.11976,0.179,0.16529,0.11792,0.027289
0.073376,0.26463,0.075244,0.10709,0.071847,0.32824,0.07431,0.0052654
0.085013,0.10264,0.22544,0.076196,0.12028,0.074307,0.29282,0.0233
0.20208,0.12587,0.12298,0.14665,0.14107,0.13876,0.11239,0.0102
0.051046,0.24435,0.22929,0.063598,0.16736,0.16067,0.05272,0.030962
0.22389,0.16737,0.078785,0.077454,0.17863,0.16931,0.098027,0.0065352
0.21531,0.095103,0.1385,0.10843,0.22667,0.091818,0.12034,0.0038333
0.11439,0.16818,0.13856,0.17491,0.11472,0.17074,0.11042,0.0080792
0.12648,0.15129,0.15952,0.092259,0.12606,0.15476,0.18224,0.007391
0.15653,0.090567,0.1056,0.18438,0.19122,0.13465,0.12919,0.0078606
0.16189,0.1709,0.13995,0.09515,0.11617,0.12494,0.17598,0.015012
0.023886,0.013191,0.013904,0.33832,0.26702,0.18538,0.14082,0.017469
0.076969,0.12091,0.14228,0.24398,0.14444,0.097883,0.16254,0.01101
0.14154,0.14535,0.11869,0.10092,0.13234,0.16058,0.18788,0.012694
0.079671,0.098395,0.18609,0.21456,0.080627,0.18762,0.14291,0.010126
0.15757,0.323,0.017347,0.029714,0.16238,0.21185,0.087697,0.01044
0.075014,0.11389,0.18111,0.11525,0.10328,0.16473,0.24022,0.0065055
0.23759,0.093588,0.08697,0.088861,0.21191,0.16732,0.10509,0.0086655
0.067474,0.2047,0.11274,0.1936,0.081365,0.25408,0.082176,0.0038528
0.10378,0.082328,0.3179,0.17138,0.063143,0.080304,0.17178,0.0093904
0.15208,0.13427,0.13765,0.13023,0.17362,0.11984,0.14803,0.0042757
0.033261,0.10499,0.13116,0.26132,0.15907,0.14071,0.15763,0.011858
0.14252,0.21872,0.092041,0.07332,0.13188,0.24445,0.092784,0.0042887
0.20873,0.096714,0.12594,0.07847,0.26748,0.11761,0.097597,0.0074546
0.19236,0.051633,0.16667,0.040346,0.26777,0.13953,0.13184,0.0098463
0.017215,0.080253,0.12278,0.028101,0.047595,0.13089,0.56405,0.0091139
0.047661,0.07924,0.14064,0.3886,0.13626,0.07807,0.11345,0.016082
0.14685,0.19378,0.10847,0.10319,0.13613,0.16301,0.14079,0.00777
0.26227,0.090985,0.10713,0.091822,0.23175,0.096992,0.1158,0.0032495
0.15062,0.14648,0.10534,0.11446,0.18898,0.17472,0.11656,0.0028366
0.12816,0.13326,0.13656,0.14571,0.13971,0.15021,0.15223,0.014179
0.06277,0.094155,0.13515,0.17934,0.20817,0.11353,0.1992,0.0076861
0.070851,0.20783,0.053822,0.26526,0.10851,0.19378,0.09248,0.007458
0.1284,0.10529,0.23087,0.11479,0.1058,0.089111,0.2093,0.016436
0.042735,0.074074,0.024217,0.063153,0.17236,0.50047,0.10589,0.017094
0.23508,0.092087,0.08638,0.091316,0.2195,0.15687,0.11183,0.0069412
0.16651,0.16171,0.14305,0.11602,0.14673,0.14817,0.11259,0.0052131
0.28813,0.11921,0.041785,0.076532,0.25989,0.14718,0.062366,0.0049002
0.028156,0.036507,0.030064,0.071582,0.27249,0.466,0.086137,0.009067
0.17979,0.28082,0.067639,0.064672,0.14938,0.20007,0.051935,0.0056881
0.12017,0.042101,0.10341,0.21275,0.15144,0.2197,0.14143,0.0089924
0.10767,0.095128,0.22412,0.18076,0.13191,0.1296,0.12205,0.0087698
0.15056,0.13795,0.10197,0.10999,0.18825,0.18632,0.12104,0.0039242
0.12028,0.15414,0.12856,0.08668,0.13502,0.14354,0.22114,0.010646
0.043783,0.039229,0.30018,0.27215,0.055692,0.064098,0.18494,0.03993
0.10364,0.092524,0.12402,0.16238,0.13415,0.20924,0.16696,0.0070837
0.14581,0.1223,0.10991,0.13487,0.19585,0.1696,0.11827,0.0033908
0.13534,0.20484,0.11095,0.11099,0.11428,0.2179,0.10281,0.0028832
0.033028,0.044648,0.058716,0.17064,0.30092,0.29235,0.077064,0.02263
0.12083,0.32598,0.096738,0.11694,0.071905,0.18032,0.079318,0.0079689
0.22172,0.1939,0.13716,0.071634,0.13591,0.15027,0.08061,0.0087971
0.19453,0.15059,0.10619,0.077906,0.19751,0.14642,0.122,0.0048528
0.031956,0.037466,0.13719,0.23471,0.1719,0.18182,0.18402,0.020937
0.18457,0.18551,0.11279,0.090364,0.151,0.17933,0.089761,0.0066699
0.060167,0.10643,0.18533,0.19719,0.085493,0.089884,0.25838,0.017128
0.066313,0.080902,0.11406,0.11141,0.18966,0.11141,0.27851,0.047745
0.083274,0.10885,0.18838,0.24542,0.078575,0.089281,0.16149,0.04473
0.089315,0.096034,0.22206,0.1434,0.11291,0.13438,0.19272,0.0091773
0.13623,0.12704,0.075501,0.27136,0.1498,0.1254,0.10756,0.0071124
0.32461,0.10471,0.096859,0.094241,0.094241,0.094241,0.096859,0.094241
0.15282,0.14506,0.069755,0.064762,0.20372,0.21925,0.13771,0.0069339
0.062383,0.14556,0.16449,0.18692,0.092874,0.16787,0.17021,0.0096963
0.14669,0.13567,0.10158,0.13051,0.2166,0.12397,0.11983,0.025138
0.15166,0.13246,0.11274,0.16726,0.14695,0.15563,0.12532,0.007982
0.12535,0.19082,0.10809,0.15319,0.13313,0.16174,0.11913,0.0085537
0.15178,0.17088,0.088536,0.067546,0.11329,0.13967,0.24785,0.020452
0.1426,0.1774,0.10784,0.091408,0.15974,0.19966,0.1179,0.0034501
0.11428,0.14959,0.11152,0.13565,0.11954,0.14091,0.22113,0.0073645
0.16509,0.14845,0.12908,0.11157,0.17535,0.14409,0.12269,0.0036774
0.022591,0.32499,0.057975,0.041644,0.11377,0.40065,0.028307,0.010071
0.17186,0.18734,0.1008,0.068363,0.19028,0.18176,0.09672,0.0028817
0.081302,0.23973,0.099286,0.073422,0.073144,0.30147,0.12552,0.0061185
0.11666,0.092993,0.16996,0.24898,0.11182,0.051435,0.19568,0.012486
0.1459,0.16218,0.13583,0.15637,0.11471,0.14164,0.13253,0.010851
0.2564,0.21837,0.06374,0.10005,0.15283,0.1354,0.068058,0.0051583
0.16323,0.16849,0.10003,0.12995,0.14581,0.16935,0.11322,0.0099164
0.16805,0.17442,0.10787,0.12113,0.15023,0.1532,0.12219,0.0028993
0.15652,0.21205,0.092296,0.082532,0.14737,0.19298,0.1074,0.0088482
0.18495,0.14448,0.075637,0.12783,0.20417,0.16049,0.09814,0.0042975
0.17297,0.17322,0.10185,0.11719,0.14744,0.16429,0.11704,0.006006
0.093323,0.08346,0.12747,0.32979,0.12721,0.10926,0.10875,0.020738
0.15652,0.21205,0.092296,0.082532,0.14737,0.19298,0.1074,0.0088482
0.062568,0.0502,0.26992,0.2892,0.12914,0.12805,0.057475,0.013459
0.095802,0.092838,0.14052,0.31358,0.10074,0.10976,0.14128,0.0054744
0.12586,0.12182,0.1288,0.1411,0.15625,0.19379,0.12724,0.0051409
0.090371,0.036579,0.048951,0.15116,0.20495,0.42711,0.021517,0.019365
0.16754,0.1727,0.10681,0.11922,0.1514,0.15514,0.12364,0.0035555
0.15133,0.14541,0.12248,0.12113,0.15095,0.16601,0.13935,0.0033555
0.12173,0.089685,0.22749,0.216,0.11195,0.079899,0.14409,0.009157
0.12421,0.13834,0.062785,0.09472,0.16831,0.29327,0.11422,0.0041449
0.13694,0.1528,0.12656,0.13926,0.14038,0.17567,0.11983,0.008559
0.12581,0.16263,0.13281,0.14096,0.12062,0.15749,0.15138,0.0082868
0.12586,0.12182,0.1288,0.1411,0.15625,0.19379,0.12724,0.0051409
0.16047,0.1982,0.073645,0.082964,0.23991,0.17695,0.062053,0.0057961
0.1254,0.20143,0.14394,0.077832,0.13844,0.18314,0.12138,0.0084475
0.10142,0.13743,0.086026,0.16913,0.12435,0.20622,0.15682,0.018621
0.060449,0.10955,0.1811,0.21762,0.14853,0.092031,0.14483,0.045892
0.12173,0.089685,0.22749,0.216,0.11195,0.079899,0.14409,0.009157
0.053902,0.12912,0.19791,0.075221,0.062751,0.080853,0.38294,0.017297
0.089066,0.13254,0.21011,0.19629,0.073633,0.084628,0.17359,0.040145
0.13268,0.1515,0.16127,0.087673,0.12892,0.14646,0.18487,0.0066375
0.12776,0.13268,0.069147,0.25448,0.1218,0.20639,0.070902,0.016848
0.15597,0.13014,0.12616,0.17037,0.15323,0.12418,0.13237,0.0075748
0.14848,0.068869,0.18482,0.099329,0.13123,0.10005,0.25813,0.0090862
0.090355,0.09523,0.24304,0.17009,0.065634,0.10341,0.21205,0.020195
0.10038,0.10589,0.1735,0.16799,0.14147,0.14444,0.16142,0.0049009
0.1447,0.19009,0.10056,0.089736,0.20404,0.18301,0.076827,0.011035
0.11857,0.11536,0.13409,0.14868,0.16078,0.17151,0.1469,0.0041024
0.2117,0.17345,0.060668,0.11934,0.14282,0.21008,0.075558,0.0063816
0.15212,0.10832,0.15514,0.16224,0.1468,0.12906,0.13874,0.0075796
0.16565,0.18055,0.13637,0.097663,0.13821,0.15147,0.12319,0.0069103
0.067925,0.069811,0.22075,0.18491,0.11509,0.18302,0.088679,0.069811
0.15583,0.060524,0.14634,0.15718,0.38482,0.054652,0.023939,0.016712
0.045652,0.078533,0.12092,0.38886,0.14158,0.058967,0.15082,0.014674
0.10849,0.15886,0.13088,0.18237,0.083863,0.1555,0.13871,0.041327
0.14404,0.11795,0.14342,0.18336,0.13699,0.10517,0.15218,0.016889
0.16754,0.1727,0.10681,0.11922,0.1514,0.15514,0.12364,0.0035555
0.13779,0.0987,0.097391,0.13043,0.25562,0.16371,0.11219,0.0041704
0.12067,0.13422,0.16402,0.13225,0.11733,0.15843,0.16887,0.0042115
0.16354,0.10708,0.15893,0.1126,0.17538,0.10342,0.17251,0.0065269
0.24933,0.18829,0.046017,0.074503,0.2185,0.12021,0.092659,0.010487
0.13434,0.14625,0.13503,0.11248,0.15454,0.1782,0.1359,0.0032606
0.13756,0.16554,0.14803,0.12837,0.12915,0.14963,0.13821,0.0035249
0.079468,0.069799,0.21302,0.20486,0.12147,0.10817,0.18809,0.015108
0.12495,0.13747,0.14199,0.18904,0.14033,0.15086,0.11069,0.0046845
0.16077,0.11067,0.088765,0.20428,0.17806,0.12796,0.12537,0.0041308
0.1193,0.14426,0.14551,0.16139,0.12015,0.14863,0.15595,0.0048219
0.20566,0.18429,0.084922,0.10283,0.1346,0.1814,0.084344,0.021953
0.11722,0.10391,0.12194,0.18061,0.19262,0.15822,0.12052,0.0049482
0.15988,0.15966,0.093555,0.11094,0.18531,0.21384,0.072358,0.004455
0.18061,0.039914,0.072559,0.11903,0.23393,0.14341,0.20128,0.0092659
0.15346,0.20239,0.075014,0.12723,0.15855,0.19004,0.090545,0.0027659
0.15372,0.11246,0.11288,0.23435,0.12482,0.12838,0.12188,0.011518
0.1463,0.2405,0.27719,0.08053,0.037117,0.056219,0.15107,0.01107
0.13632,0.11338,0.081892,0.31958,0.14774,0.11256,0.084122,0.0044046
0.083148,0.067234,0.20898,0.36171,0.073649,0.042314,0.15149,0.011473
0.057692,0.083132,0.23275,0.22225,0.05533,0.08011,0.25615,0.012582
0.13357,0.16938,0.17511,0.12542,0.12004,0.1277,0.14494,0.0038463
0.16198,0.14542,0.13791,0.20229,0.094553,0.10719,0.11057,0.040087
0.087518,0.11728,0.17773,0.18632,0.092605,0.1406,0.19146,0.0064893
0.14569,0.15878,0.11834,0.12783,0.13767,0.18959,0.11397,0.0081266
0.017215,0.080253,0.12278,0.028101,0.047595,0.13089,0.56405,0.0091139
0.14749,0.21386,0.11357,0.091445,0.094395,0.13864,0.14602,0.054572
0.1753,0.13331,0.082177,0.1055,0.23259,0.17808,0.089225,0.0038239
0.12811,0.13425,0.10691,0.09063,0.16621,0.20061,0.16098,0.012289
0.26662,0.077793,0.070479,0.15359,0.2234,0.10971,0.073138,0.025266
0.15928,0.15065,0.13338,0.12201,0.12863,0.15151,0.14561,0.0089209
0.15538,0.15795,0.1167,0.10306,0.1271,0.21552,0.1186,0.0057009
0.13713,0.069097,0.12813,0.19631,0.1777,0.12142,0.16031,0.0099146
0.26662,0.077793,0.070479,0.15359,0.2234,0.10971,0.073138,0.025266
0.11523,0.11279,0.17995,0.16829,0.11888,0.11855,0.17529,0.011018
0.24245,0.076304,0.097685,0.10063,0.19066,0.14221,0.14241,0.0076501
0.13645,0.31447,0.10129,0.080999,0.063501,0.20414,0.094718,0.004436
0.114,0.16085,0.14404,0.16636,0.12355,0.14376,0.13807,0.0093698
0.23995,0.13527,0.10178,0.13593,0.16106,0.11715,0.103,0.0058561
0.095331,0.099159,0.14677,0.27936,0.11808,0.096139,0.14472,0.020436
0.15511,0.23347,0.098137,0.084348,0.12215,0.1882,0.11327,0.0053138
0.19924,0.15828,0.12561,0.13415,0.19028,0.097836,0.088964,0.005638
0.15784,0.10388,0.065809,0.088754,0.30661,0.21029,0.05295,0.013868
0.12501,0.21542,0.11386,0.11473,0.12957,0.18871,0.10872,0.0039812
0.11923,0.11783,0.1337,0.14684,0.16262,0.16182,0.15249,0.0054717
0.36768,0.11319,0.10773,0.11319,0.12178,0.071038,0.076503,0.028884
0.14887,0.11514,0.19846,0.075331,0.1385,0.15571,0.14784,0.02015
0.033261,0.10499,0.13116,0.26132,0.15907,0.14071,0.15763,0.011858
0.15036,0.15765,0.12898,0.12935,0.148,0.14888,0.13286,0.0039224
0.15105,0.14814,0.15381,0.09622,0.081545,0.13817,0.22276,0.0083068
0.13237,0.18604,0.10763,0.13516,0.15588,0.16346,0.11366,0.0057991
0.14967,0.14586,0.15188,0.10503,0.11743,0.16124,0.16665,0.0022466
0.11415,0.21948,0.062956,0.067011,0.21543,0.26024,0.056569,0.0041565
0.1879,0.099074,0.1592,0.14432,0.20718,0.094671,0.10272,0.0049347
0.094792,0.24334,0.29086,0.17039,0.042237,0.048476,0.098872,0.011039
0.21822,0.16867,0.084212,0.077063,0.18127,0.16891,0.095723,0.0059372
0.12811,0.13425,0.10691,0.09063,0.16621,0.20061,0.16098,0.012289
0.069867,0.3197,0.054975,0.084558,0.081781,0.32611,0.047655,0.015347
0.10491,0.076528,0.15688,0.30044,0.075983,0.052838,0.22467,0.0077511
0.19222,0.096588,0.18573,0.11451,0.17178,0.07993,0.15665,0.0025981
0.27432,0.10036,0.11388,0.086578,0.26362,0.086445,0.062358,0.012445
0.15275,0.1042,0.12269,0.17236,0.16975,0.13333,0.13725,0.0076564
0.098142,0.15483,0.14408,0.11777,0.10461,0.1659,0.20558,0.0090833
0.16191,0.058211,0.11141,0.1037,0.13184,0.19468,0.23015,0.0080956
0.062937,0.066434,0.08042,0.20979,0.17657,0.27797,0.062937,0.062937
0.11785,0.12795,0.16793,0.08165,0.32281,0.09596,0.069024,0.016835
0.12105,0.10974,0.17737,0.13262,0.14738,0.17622,0.13107,0.0045359
0.23759,0.093588,0.08697,0.088861,0.21191,0.16732,0.10509,0.0086655
0.098142,0.15483,0.14408,0.11777,0.10461,0.1659,0.20558,0.0090833
0.031956,0.037466,0.13719,0.23471,0.1719,0.18182,0.18402,0.020937
0.13237,0.18604,0.10763,0.13516,0.15588,0.16346,0.11366,0.0057991
0.093496,0.078591,0.22358,0.17209,0.090786,0.10434,0.17615,0.060976
0.0503,0.10536,0.16416,0.18594,0.12738,0.12788,0.20546,0.033534
0.18512,0.12084,0.054125,0.083255,0.29036,0.20109,0.052246,0.012967
0.066001,0.066001,0.16648,0.37419,0.036448,0.041514,0.22474,0.024627
0.051046,0.24435,0.22929,0.063598,0.16736,0.16067,0.05272,0.030962
0.079038,0.14605,0.16667,0.061856,0.11856,0.16667,0.19931,0.061856
0.13151,0.14574,0.16336,0.088272,0.13006,0.14834,0.18536,0.0073681
0.21012,0.16639,0.069675,0.11537,0.20088,0.16517,0.068693,0.0036975
0.077754,0.077754,0.12959,0.2095,0.086393,0.084233,0.23974,0.095032
0.17213,0.075342,0.090123,0.19863,0.18367,0.16024,0.11229,0.0075703
0.11696,0.13184,0.1369,0.12387,0.11722,0.1664,0.19511,0.011696
0.12586,0.12182,0.1288,0.1411,0.15625,0.19379,0.12724,0.0051409
0.12836,0.12127,0.17184,0.18976,0.11494,0.11153,0.15532,0.0069839
0.020994,0.091948,0.114,0.35663,0.10975,0.17672,0.11932,0.01063
0.098144,0.098193,0.23652,0.17939,0.098534,0.087283,0.19186,0.010082
0.31269,0.021903,0.032981,0.063696,0.45493,0.059919,0.044562,0.0093152
0.048819,0.082515,0.21889,0.27487,0.081985,0.06182,0.21916,0.01194
0.07024,0.12972,0.24239,0.1147,0.10617,0.14555,0.1827,0.0085262
0.078219,0.12315,0.057208,0.065737,0.15665,0.43874,0.072186,0.0081132
0.12131,0.13621,0.16775,0.24117,0.074393,0.14105,0.11173,0.0063848
0.11965,0.1136,0.17252,0.1555,0.11785,0.099675,0.21558,0.0056257
0.12241,0.092362,0.17092,0.20461,0.10989,0.087613,0.20687,0.005326
0.16189,0.1709,0.13995,0.09515,0.11617,0.12494,0.17598,0.015012
0.14938,0.21221,0.04877,0.14499,0.11204,0.092707,0.221,0.018893
0.11694,0.14956,0.10863,0.13584,0.11968,0.13799,0.2229,0.0084532
0.16323,0.16849,0.10003,0.12995,0.14581,0.16935,0.11322,0.0099164
0.13984,0.17391,0.090482,0.099295,0.11927,0.24501,0.10811,0.024089
0.21487,0.15353,0.093623,0.10276,0.11738,0.12246,0.18217,0.013201
0.088106,0.06975,0.068282,0.13216,0.1395,0.24229,0.23348,0.026432
0.25738,0.084198,0.027534,0.076616,0.22825,0.26417,0.046289,0.015563
0.18152,0.048026,0.028897,0.11233,0.13797,0.15466,0.29589,0.0407
0.12811,0.13425,0.10691,0.09063,0.16621,0.20061,0.16098,0.012289
0.15614,0.089443,0.10489,0.18211,0.19162,0.13832,0.12967,0.0078072
0.19492,0.3315,0.092363,0.12937,0.079034,0.087032,0.07778,0.0079975
0.098149,0.14288,0.24065,0.1747,0.061512,0.10663,0.16197,0.013498
0.1208,0.13606,0.16577,0.13817,0.13882,0.16788,0.12486,0.0076311
0.099634,0.14426,0.13745,0.21471,0.10517,0.13741,0.15534,0.0060199
0.20163,0.16707,0.070113,0.1157,0.16091,0.2021,0.079392,0.0030772
0.044421,0.1573,0.21296,0.078129,0.17167,0.17115,0.15495,0.0094068
0.23845,0.23009,0.08315,0.08579,0.11923,0.15618,0.070392,0.016718
0.11549,0.12253,0.14235,0.17302,0.13496,0.15783,0.12819,0.025625
0.062568,0.0502,0.26992,0.2892,0.12914,0.12805,0.057475,0.013459
0.12344,0.093726,0.16358,0.17628,0.11735,0.13411,0.17958,0.011938
0.10323,0.18382,0.15434,0.15172,0.13795,0.17869,0.082745,0.007512
0.067925,0.069811,0.22075,0.18491,0.11509,0.18302,0.088679,0.069811
0.15268,0.18109,0.084778,0.13772,0.13613,0.23258,0.071659,0.0033621
0.11624,0.17625,0.089755,0.14869,0.14814,0.1972,0.11797,0.0057521
0.087774,0.11693,0.2056,0.27072,0.054026,0.051658,0.10006,0.11323
0.21866,0.11953,0.10496,0.11079,0.10496,0.10787,0.12828,0.10496
0.047129,0.10256,0.20677,0.26834,0.10604,0.07003,0.12712,0.072021
0.14909,0.15738,0.14149,0.14012,0.12727,0.13601,0.14423,0.0044096
0.14581,0.1223,0.10991,0.13487,0.19585,0.1696,0.11827,0.0033908
0.079511,0.15849,0.08937,0.17724,0.15184,0.2231,0.11027,0.01018
0.14177,0.046848,0.19772,0.15919,0.2114,0.058657,0.17629,0.0081306
0.12811,0.13425,0.10691,0.09063,0.16621,0.20061,0.16098,0.012289
0.12311,0.18841,0.11024,0.15209,0.13434,0.15975,0.1218,0.010259
0.12105,0.10974,0.17737,0.13262,0.14738,0.17622,0.13107,0.0045359
0.15032,0.11831,0.14916,0.1594,0.14311,0.12514,0.13821,0.016359
0.066837,0.10178,0.38118,0.06635,0.079498,0.083638,0.21463,0.0060872
0.19116,0.12275,0.23534,0.10281,0.13135,0.097342,0.10438,0.014855
0.058083,0.070679,0.24843,0.27432,0.064381,0.059482,0.19594,0.028691
0.030139,0.10368,0.054852,0.083183,0.2387,0.34418,0.12357,0.0217
0.079671,0.098395,0.18609,0.21456,0.080627,0.18762,0.14291,0.010126
0.13095,0.091595,0.094721,0.16333,0.1567,0.14604,0.20397,0.012691
0.11009,0.12582,0.17444,0.21504,0.15313,0.11982,0.094224,0.0074349
0.03671,0.20621,0.046925,0.35082,0.053735,0.23952,0.059906,0.0061715
0.099007,0.20811,0.09106,0.19785,0.16606,0.1197,0.10911,0.009106
0.14947,0.13581,0.11712,0.16662,0.097183,0.17652,0.14905,0.0082264
0.2113,0.11558,0.069739,0.10516,0.2754,0.14916,0.06643,0.0072313
0.022591,0.32499,0.057975,0.041644,0.11377,0.40065,0.028307,0.010071
0.033399,0.076514,0.25323,0.15682,0.041901,0.1676,0.25596,0.014574
0.078281,0.16822,0.23251,0.12525,0.071286,0.16389,0.14823,0.012325
0.1229,0.08819,0.12246,0.1718,0.16765,0.15302,0.16066,0.013316
0.19093,0.10671,0.16388,0.11811,0.16759,0.10789,0.14005,0.0048405
0.1031,0.11974,0.20039,0.1786,0.11243,0.11325,0.16413,0.0083557
0.15286,0.10923,0.10382,0.32093,0.09672,0.080149,0.12175,0.014542
0.10846,0.068594,0.1573,0.23595,0.074699,0.051176,0.13198,0.17184
0.074243,0.094432,0.078802,0.11071,0.169,0.37708,0.082058,0.013676
0.15234,0.11767,0.2026,0.068944,0.13949,0.15571,0.14526,0.017993
0.10378,0.082328,0.3179,0.17138,0.063143,0.080304,0.17178,0.0093904
0.11177,0.11993,0.16062,0.15041,0.13857,0.15082,0.16298,0.0048988
0.15652,0.21205,0.092296,0.082532,0.14737,0.19298,0.1074,0.0088482
0.15322,0.058226,0.15951,0.10572,0.32704,0.082833,0.10687,0.0065808
0.21768,0.1739,0.081123,0.076365,0.17735,0.1701,0.097895,0.0055906
0.058787,0.056911,0.19074,0.25641,0.10632,0.090682,0.20263,0.037523
0.15676,0.14989,0.12951,0.12754,0.15967,0.14865,0.12518,0.0027991
0.10435,0.061241,0.12208,0.3751,0.073731,0.10798,0.13981,0.015713
0.13303,0.17379,0.072709,0.13401,0.19498,0.19563,0.082165,0.013694
0.12364,0.1241,0.13049,0.14044,0.15341,0.19669,0.12565,0.0055703
0.14325,0.13958,0.12267,0.16836,0.14988,0.1443,0.12602,0.0059447
0.11696,0.13184,0.1369,0.12387,0.11722,0.1664,0.19511,0.011696
0.1056,0.14512,0.14499,0.17841,0.094843,0.14654,0.15444,0.030058
0.090798,0.1706,0.091341,0.12568,0.049403,0.18512,0.27714,0.0099077
0.12586,0.12182,0.1288,0.1411,0.15625,0.19379,0.12724,0.0051409
0.20172,0.11588,0.22864,0.10339,0.14436,0.095591,0.095981,0.014436
0.14374,0.15777,0.14303,0.15208,0.1182,0.12107,0.15924,0.0048735
0.22652,0.11728,0.067151,0.085135,0.2732,0.13488,0.088579,0.0072699
0.1083,0.14004,0.12488,0.18932,0.13673,0.13572,0.15965,0.0053736
0.15538,0.15795,0.1167,0.10306,0.1271,0.21552,0.1186,0.0057009
0.10762,0.11618,0.15787,0.18341,0.12938,0.12838,0.17242,0.004734
0.076969,0.12091,0.14228,0.24398,0.14444,0.097883,0.16254,0.01101
0.1056,0.14512,0.14499,0.17841,0.094843,0.14654,0.15444,0.030058
0.24933,0.18829,0.046017,0.074503,0.2185,0.12021,0.092659,0.010487
0.09325,0.16629,0.15714,0.18867,0.12333,0.14691,0.11876,0.0056552
0.059259,0.14568,0.065185,0.076543,0.15556,0.29185,0.16938,0.036543
0.10998,0.12177,0.15081,0.21875,0.093508,0.11556,0.17845,0.011171
0.11396,0.14123,0.13888,0.0959,0.14177,0.2328,0.12678,0.008669
0.11763,0.096635,0.045258,0.05317,0.22228,0.3762,0.084608,0.0042199
0.090985,0.14868,0.14619,0.238,0.13176,0.093481,0.13343,0.017476
0.10603,0.088733,0.11204,0.28061,0.081589,0.12408,0.16506,0.04186
0.0503,0.10536,0.16416,0.18594,0.12738,0.12788,0.20546,0.033534
0.12054,0.13632,0.15895,0.15084,0.13622,0.13496,0.15684,0.0053438
0.11684,0.20422,0.1109,0.09382,0.13673,0.21726,0.11041,0.0098193
0.1599,0.13708,0.11862,0.16226,0.20211,0.10619,0.10942,0.0044141
0.16454,0.15513,0.16598,0.17506,0.089605,0.095982,0.11432,0.039381
0.043218,0.040559,0.078457,0.45412,0.048537,0.035572,0.28291,0.016622
0.1182,0.15834,0.15647,0.14637,0.12181,0.14705,0.14777,0.0039881
0.15966,0.15044,0.089242,0.19305,0.10661,0.13235,0.16149,0.0071637
0.10151,0.31211,0.10135,0.05128,0.066092,0.21462,0.14901,0.0040251
0.12344,0.093726,0.16358,0.17628,0.11735,0.13411,0.17958,0.011938
0.20837,0.1667,0.12717,0.059786,0.24732,0.13496,0.048296,0.0074002
0.15988,0.15966,0.093555,0.11094,0.18531,0.21384,0.072358,0.004455
0.15966,0.13193,0.089275,0.052407,0.18891,0.27514,0.08958,0.013102
0.08859,0.090521,0.19028,0.24681,0.075974,0.082592,0.20317,0.022061
0.24595,0.12724,0.1142,0.094997,0.19562,0.1102,0.10736,0.0044404
0.15222,0.16314,0.11011,0.17495,0.1013,0.17882,0.10677,0.012685
0.066246,0.075426,0.17274,0.26821,0.08277,0.16907,0.099295,0.066246
0.019702,0.11505,0.30737,0.10728,0.030637,0.12454,0.29056,0.0048803
0.1561,0.053659,0.15261,0.13659,0.31429,0.060627,0.097561,0.028571
0.095309,0.058451,0.12286,0.12174,0.19062,0.36895,0.028667,0.013403
0.18528,0.20655,0.096257,0.094698,0.2108,0.14701,0.05302,0.0063794
0.15361,0.15049,0.17575,0.1155,0.13499,0.14558,0.1187,0.0053776
0.072824,0.1492,0.069272,0.13233,0.2087,0.21226,0.12345,0.031972
0.11639,0.18722,0.15944,0.093056,0.11778,0.17972,0.13278,0.013611
0.06277,0.094155,0.13515,0.17934,0.20817,0.11353,0.1992,0.0076861
0.044466,0.055336,0.14427,0.26779,0.22628,0.068182,0.15316,0.040514
0.14733,0.15264,0.12488,0.13774,0.15806,0.14587,0.12404,0.0094295
0.21018,0.057022,0.041942,0.14515,0.13619,0.20547,0.18615,0.017908
0.16565,0.18055,0.13637,0.097663,0.13821,0.15147,0.12319,0.0069103
0.15592,0.21541,0.09395,0.096421,0.15358,0.19311,0.087073,0.0045406
0.053492,0.090639,0.10847,0.45765,0.078752,0.077266,0.080238,0.053492
0.093323,0.08346,0.12747,0.32979,0.12721,0.10926,0.10875,0.020738
0.12419,0.18407,0.10099,0.12663,0.19782,0.16402,0.09311,0.0091677
0.15673,0.13103,0.046959,0.17337,0.28915,0.14528,0.055135,0.0023462
0.094403,0.19439,0.05337,0.040384,0.23984,0.26685,0.10531,0.0054538
0.12469,0.12707,0.1692,0.16379,0.13381,0.13228,0.14491,0.0042371
0.13952,0.14901,0.14703,0.13207,0.12735,0.15299,0.14898,0.0030411
0.11624,0.17625,0.089755,0.14869,0.14814,0.1972,0.11797,0.0057521
0.11754,0.097162,0.17155,0.17378,0.1246,0.10598,0.19813,0.011257
0.19719,0.13863,0.099705,0.1577,0.18238,0.10965,0.11074,0.0039969
0.014001,0.061474,0.32893,0.14387,0.026231,0.10653,0.27856,0.040393
0.11311,0.1206,0.16234,0.14921,0.13483,0.14907,0.16657,0.004271
0.18434,0.096342,0.17504,0.082326,0.18106,0.093692,0.18548,0.00172
0.051046,0.24435,0.22929,0.063598,0.16736,0.16067,0.05272,0.030962
0.17928,0.19465,0.087886,0.11178,0.1807,0.17352,0.067836,0.0043442
0.13144,0.1407,0.15435,0.1168,0.14115,0.17494,0.13515,0.0054598
0.10728,0.17957,0.24708,0.13326,0.046483,0.10799,0.16702,0.011311
0.15401,0.14524,0.083277,0.23706,0.11728,0.16648,0.092798,0.003854
0.19519,0.28798,0.099668,0.080114,0.085565,0.17682,0.06767,0.0069922
0.098142,0.15483,0.14408,0.11777,0.10461,0.1659,0.20558,0.0090833
0.095507,0.19047,0.11366,0.16998,0.11063,0.16494,0.15009,0.0047157
0.094084,0.14919,0.1346,0.1525,0.11684,0.14658,0.2002,0.0060143
0.077148,0.090851,0.21342,0.27408,0.065728,0.058114,0.18767,0.032991
0.075829,0.17378,0.16272,0.060032,0.06951,0.088468,0.3128,0.056872
0.10432,0.16473,0.18687,0.092308,0.094934,0.069418,0.27242,0.015009
0.17786,0.148,0.17156,0.11836,0.13426,0.13161,0.10954,0.0087923
0.15538,0.15795,0.1167,0.10306,0.1271,0.21552,0.1186,0.0057009
0.18994,0.18629,0.096515,0.10446,0.1915,0.15188,0.076735,0.0026712
0.055989,0.069218,0.15769,0.26825,0.096858,0.077486,0.22644,0.048075
0.24181,0.070529,0.041562,0.35327,0.09005,0.096348,0.079975,0.026448
0.12974,0.10665,0.17488,0.19322,0.10877,0.10191,0.17803,0.0067938
0.093624,0.12069,0.13449,0.14105,0.16189,0.19251,0.15082,0.0049204
0.17513,0.24391,0.10058,0.070248,0.15077,0.17581,0.078075,0.0054789
0.019702,0.11505,0.30737,0.10728,0.030637,0.12454,0.29056,0.0048803
0.091108,0.093086,0.19249,0.18974,0.090077,0.14038,0.1952,0.0079113
0.12586,0.12182,0.1288,0.1411,0.15625,0.19379,0.12724,0.0051409
0.10607,0.11098,0.15085,0.12571,0.17148,0.18935,0.13671,0.0088391
0.12675,0.17129,0.075922,0.14196,0.18024,0.15859,0.13898,0.0062745
